,Ticker,Buy Date,Sell Date,Weight,Buy Price,Sell Price,Returns
0,ASIANPAINT,2013-02-06,2013-03-07,0.03333333333333333,464.45,442.505,-0.0015749811605124337
1,KOTAKBANK,2013-02-06,2013-03-07,0.03333333333333333,340.625,326.325,-0.001399388379204894
2,J&KBANK,2013-02-06,2013-03-07,0.03333333333333333,137.66500000000002,126.69000000000001,-0.0026574171600140454
3,PIDILITIND,2013-02-06,2013-03-07,0.03333333333333333,244.75,256.25,0.0015662240381341503
4,MINDTREE,2013-02-06,2013-03-07,0.03333333333333333,199.2875,221.225,0.0036693219594806496
5,TCS,2013-02-06,2013-03-07,0.03333333333333333,681.25,780.5,0.004856269113149847
6,ADANIPORTS,2013-02-06,2013-03-07,0.03333333333333333,151.95,144.0,-0.0017439947351102314
7,INFY,2013-02-06,2013-03-07,0.03333333333333333,346.90625,372.65625,0.002474251568927724
8,DABUR,2013-02-06,2013-03-07,0.03333333333333333,134.1,130.5,-0.0008948545861297525
9,DLF,2013-02-06,2013-03-07,0.03333333333333333,275.0,269.9,-0.000618181818181821
10,SUNTV,2013-02-06,2013-03-07,0.03333333333333333,477.35,420.0,-0.004004748437554556
11,SUNPHARMA,2013-02-06,2013-03-07,0.03333333333333333,377.15,399.0,0.001931150293870699
12,EICHERMOT,2013-02-06,2013-03-07,0.03333333333333333,2897.9,2815.0,-0.0009535640751348688
13,SHRIRAMCIT,2013-02-06,2013-03-07,0.03333333333333333,1115.05,1059.8,-0.0016516449187629853
14,ITC,2013-02-06,2013-03-07,0.03333333333333333,202.23333333333335,190.76666666666665,-0.0018900060436239817
15,GODREJCP,2013-02-06,2013-03-07,0.03333333333333333,250.61666666666667,246.71666666666667,-0.0005187204894593345
16,AMARAJABAT,2013-02-06,2013-03-07,0.03333333333333333,303.7,284.0,-0.0021622214905059806
17,INFRATEL,2013-02-06,2013-03-07,0.03333333333333333,210.25,196.9,-0.0021165279429250883
18,APOLLOHOSP,2013-02-06,2013-03-07,0.03333333333333333,815.1,828.55,0.0005500347605610735
19,AXISBANK,2013-02-06,2013-03-07,0.03333333333333333,293.57,278.01,-0.001766756367022062
20,ZEEL,2013-02-06,2013-03-07,0.03333333333333333,236.0,216.5,-0.002754237288135593
21,ONGC,2013-02-06,2013-03-07,0.03333333333333333,218.0666666666667,211.0,-0.0010801997350453516
22,MARUTI,2013-02-06,2013-03-07,0.03333333333333333,1610.0,1419.5,-0.003944099378881987
23,UNITDSPR,2013-02-06,2013-03-07,0.03333333333333333,380.0,369.4,-0.0009298245614035108
24,BPCL,2013-02-06,2013-03-07,0.03333333333333333,138.33333333333334,128.93333333333334,-0.0022650602409638567
25,OIL,2013-02-06,2013-03-07,0.03333333333333333,267.2681704260652,278.1954887218045,0.0013628407101775415
26,CONCOR,2013-02-06,2013-03-07,0.03333333333333333,311.68333333333334,354.65000000000003,0.004595119690569135
27,SOBHA,2013-02-06,2013-03-07,0.03333333333333333,421.25,406.15,-0.0011948565776458968
28,PFC,2013-02-06,2013-03-07,0.03333333333333333,107.5,103.75,-0.0011627906976744186
29,AMBUJACEM,2013-02-06,2013-03-07,0.03333333333333333,203.0,192.25,-0.0017651888341543515
30,TCS,2013-03-08,2013-04-08,0.03333333333333333,795.0,749.45,-0.001909853249475889
31,GITANJALI,2013-03-08,2013-04-08,0.03333333333333333,609.75,592.0,-0.000970343036763701
32,GSKCONS,2013-03-08,2013-04-08,0.03333333333333333,4199.95,4234.0,0.0002702413123965776
33,WIPRO,2013-03-08,2013-04-08,0.03333333333333333,168.75939849624058,169.73684210526315,0.00019306452810574306
34,HCLTECH,2013-03-08,2013-04-08,0.03333333333333333,386.525,378.475,-0.0006942198650367553
35,INFY,2013-03-08,2013-04-08,0.03333333333333333,373.5,356.25,-0.001539491298527443
36,CONCOR,2013-03-08,2013-04-08,0.03333333333333333,350.01666666666665,355.31666666666666,0.0005047378696252571
37,SUNPHARMA,2013-03-08,2013-04-08,0.03333333333333333,406.0,429.75,0.0019499178981937603
38,NIITTECH,2013-03-08,2013-04-08,0.03333333333333333,272.0,270.25,-0.0002144607843137255
39,BRITANNIA,2013-03-08,2013-04-08,0.03333333333333333,260.025,265.5,0.0007018555908085791
40,MINDTREE,2013-03-08,2013-04-08,0.03333333333333333,220.0,218.75,-0.0001893939393939394
41,MPHASIS,2013-03-08,2013-04-08,0.03333333333333333,396.05,376.5,-0.0016454151411858782
42,TECHM,2013-03-08,2013-04-08,0.03333333333333333,219.98000000000002,193.16,-0.004064005818710794
43,GODREJCP,2013-03-08,2013-04-08,0.03333333333333333,260.1333333333333,262.98333333333335,0.0003651973347001567
44,CYIENT,2013-03-08,2013-04-08,0.03333333333333333,172.35,170.0,-0.0004545014988879208
45,APOLLOTYRE,2013-03-08,2013-04-08,0.03333333333333333,92.6,83.7,-0.0032037437005039567
46,BHARATFORG,2013-03-08,2013-04-08,0.03333333333333333,118.95,105.5,-0.0037690906543365564
47,GLAXO,2013-03-08,2013-04-08,0.03333333333333333,1055.0,1100.0,0.0014218009478672985
48,PIDILITIND,2013-03-08,2013-04-08,0.03333333333333333,259.0,260.0,0.0001287001287001287
49,PAGEIND,2013-03-08,2013-04-08,0.03333333333333333,3422.1,3725.0,0.0029504300478263843
50,IPCALAB,2013-03-08,2013-04-08,0.03333333333333333,496.5,518.0,0.0014434373950990265
51,SANOFI,2013-03-08,2013-04-08,0.03333333333333333,2350.05,2525.0,0.0024815074856563307
52,M&MFIN,2013-03-08,2013-04-08,0.03333333333333333,214.2,208.7,-0.0008558979147214441
53,THERMAX,2013-03-08,2013-04-08,0.03333333333333333,598.95,571.0,-0.0015554999026073432
54,ASIANPAINT,2013-03-08,2013-04-08,0.03333333333333333,459.215,477.0,0.0012909711863361044
55,TATAMOTORS,2013-03-08,2013-04-08,0.03333333333333333,305.9,257.85,-0.005235915876648137
56,APOLLOHOSP,2013-03-08,2013-04-08,0.03333333333333333,836.8,835.05,-6.97100063734863e-05
57,JUBLFOOD,2013-03-08,2013-04-08,0.03333333333333333,568.3,571.95,0.0002140888028623433
58,TATACOMM,2013-03-08,2013-04-08,0.03333333333333333,153.73333333333332,148.06666666666666,-0.0012286788089043057
59,DLF,2013-03-08,2013-04-08,0.03333333333333333,280.6,234.2,-0.005511998099311004
60,ADANIPORTS,2013-04-11,2013-05-10,0.03333333333333333,152.15,152.0,-3.2862306933948e-05
61,APOLLOTYRE,2013-04-11,2013-05-10,0.03333333333333333,84.0,95.65,0.004623015873015875
62,AUROPHARMA,2013-04-11,2013-05-10,0.03333333333333333,80.275,94.225,0.005792587978822792
63,BOSCHLTD,2013-04-11,2013-05-10,0.03333333333333333,8835.0,9040.0,0.0007734389737785323
64,CIPLA,2013-04-11,2013-05-10,0.03333333333333333,403.0,397.85,-0.0004259718775847789
65,DIVISLAB,2013-04-11,2013-05-10,0.03333333333333333,514.0,542.0,0.0018158236057068742
66,DRREDDY,2013-04-11,2013-05-10,0.03333333333333333,1905.1,1984.0,0.0013805049603695361
67,GLAXO,2013-04-11,2013-05-10,0.03333333333333333,1112.1,1157.5,0.0013607888978808887
68,GLAXO,2013-04-11,2013-05-10,0.03333333333333333,1112.1,1157.5,0.0013607888978808887
69,GLENMARK,2013-04-11,2013-05-10,0.03333333333333333,499.55,523.9,0.0016247956494178071
70,GODREJCP,2013-04-11,2013-05-10,0.03333333333333333,274.6666666666667,279.3333333333333,0.0005663430420711927
71,GSKCONS,2013-04-11,2013-05-10,0.03333333333333333,3998.35,3950.0,-0.0004030829383787472
72,HINDUNILVR,2013-04-11,2013-05-10,0.03333333333333333,472.8,587.7,0.008100676818950932
73,IPCALAB,2013-04-11,2013-05-10,0.03333333333333333,502.0,561.3,0.003937583001328018
74,LUPIN,2013-04-11,2013-05-10,0.03333333333333333,625.95,726.0,0.00532790158958383
75,M&MFIN,2013-04-11,2013-05-10,0.03333333333333333,202.5,267.5,0.010699588477366254
76,MARUTI,2013-04-11,2013-05-10,0.03333333333333333,1414.0,1675.0,0.0061527581329561525
77,MINDTREE,2013-04-11,2013-05-10,0.03333333333333333,215.0,222.125,0.0011046511627906977
78,NIITTECH,2013-04-11,2013-05-10,0.03333333333333333,290.75,258.05,-0.003748925193465175
79,RECLTD,2013-04-11,2013-05-10,0.03333333333333333,108.5,116.5,0.002457757296466974
80,SANOFI,2013-04-11,2013-05-10,0.03333333333333333,2719.9,2467.0,-0.0030993786536269727
81,SOBHA,2013-04-11,2013-05-10,0.03333333333333333,350.45,395.65,0.004299234317781899
82,SUNPHARMA,2013-04-11,2013-05-10,0.03333333333333333,432.5,477.9,0.0034990366088631965
83,TATACOMM,2013-04-11,2013-05-10,0.03333333333333333,156.53333333333333,153.96666666666667,-0.0005465644520158992
84,THERMAX,2013-04-11,2013-05-10,0.03333333333333333,565.0,571.25,0.0003687315634218289
85,UBL,2013-04-11,2013-05-10,0.03333333333333333,791.4,760.0,-0.0013225507539381678
86,WIPRO,2013-04-11,2013-05-10,0.03333333333333333,153.15789473684208,134.04135338345864,-0.004160530191458023
87,BRITANNIA,2013-04-11,2013-05-10,0.03333333333333333,263.5,287.5,0.0030360531309297912
88,HDFCBANK,2013-04-11,2013-05-10,0.03333333333333333,316.25,344.35,0.002961791831357051
89,EICHERMOT,2013-04-11,2013-05-10,0.03333333333333333,2798.0,3089.5,0.0034727186085299023
90,COLPAL,2013-05-13,2013-06-10,0.03333333333333333,770.725,725.575,-0.0019527068669110243
91,UPL,2013-05-13,2013-06-10,0.03333333333333333,103.2,103.96666666666665,0.0002476313522825102
92,APOLLOHOSP,2013-05-13,2013-06-10,0.03333333333333333,945.0,985.15,0.001416225749559082
93,MRF,2013-05-13,2013-06-10,0.03333333333333333,14899.8,15200.0,0.0006715973816203366
94,HINDALCO,2013-05-13,2013-06-10,0.03333333333333333,105.95,102.55,-0.001069686959257513
95,PIDILITIND,2013-05-13,2013-06-10,0.03333333333333333,288.0,282.0,-0.0006944444444444445
96,LUPIN,2013-05-13,2013-06-10,0.03333333333333333,768.0,765.1,-0.00012586805555555455
97,ITC,2013-05-13,2013-06-10,0.03333333333333333,236.0,222.70000000000002,-0.001878531073446325
98,MARUTI,2013-05-13,2013-06-10,0.03333333333333333,1740.0,1575.0,-0.003160919540229885
99,HINDUNILVR,2013-05-13,2013-06-10,0.03333333333333333,585.85,591.1,0.0002987112742169497
100,GSKCONS,2013-05-13,2013-06-10,0.03333333333333333,4075.0,5500.0,0.011656441717791411
101,EMAMILTD,2013-05-13,2013-06-10,0.03333333333333333,224.66666666666666,251.33333333333334,0.0039564787339268085
102,UNITDSPR,2013-05-13,2013-06-10,0.03333333333333333,469.0,499.9,0.002196162046908314
103,RCOM,2013-05-13,2013-06-10,0.03333333333333333,111.1,117.1,0.0018001800180018003
104,BAJFINANCE,2013-05-13,2013-06-10,0.03333333333333333,141.785,143.1,0.00030915353058033824
105,INDUSINDBK,2013-05-13,2013-06-10,0.03333333333333333,507.95,503.65,-0.0002821800045936287
106,GLENMARK,2013-05-13,2013-06-10,0.03333333333333333,539.0,579.95,0.0025324675324675354
107,DRREDDY,2013-05-13,2013-06-10,0.03333333333333333,2109.0,2197.0,0.0013908645487592855
108,IBREALEST,2013-05-13,2013-06-10,0.03333333333333333,78.0,76.6,-0.0005982905982906007
109,M&MFIN,2013-05-13,2013-06-10,0.03333333333333333,256.0,254.85,-0.00014973958333333408
110,SYNDIBANK,2013-05-13,2013-06-10,0.03333333333333333,130.3,131.0,0.0001790739319519029
111,YESBANK,2013-05-13,2013-06-10,0.03333333333333333,102.2,99.59,-0.0008512720156555771
112,BATAINDIA,2013-05-13,2013-06-10,0.03333333333333333,406.925,440.05,0.002713440232639102
113,KOTAKBANK,2013-05-13,2013-06-10,0.03333333333333333,368.0,382.75,0.001336050724637681
114,VOLTAS,2013-05-13,2013-06-10,0.03333333333333333,88.0,81.6,-0.0024242424242424264
115,RPOWER,2013-05-13,2013-06-10,0.03333333333333333,80.0,70.0,-0.004166666666666667
116,ORISSAMINE,2013-05-13,2013-06-10,0.03333333333333333,3038.8,2422.1,-0.006764731692334696
117,HEROMOTOCO,2013-05-13,2013-06-10,0.03333333333333333,1713.7,1650.8,-0.0012234735756939195
118,TATACOMM,2013-05-13,2013-06-10,0.03333333333333333,159.29999999999998,128.96666666666667,-0.006347213503522351
119,BHARTIARTL,2013-05-13,2013-06-10,0.03333333333333333,321.9,290.5,-0.003251527389458422
120,BAJAJHLDNG,2013-06-07,2013-07-08,0.03333333333333333,930.15,779.95,-0.005382644376355066
121,BATAINDIA,2013-06-07,2013-07-08,0.03333333333333333,444.5,434.5,-0.0007499062617172853
122,BOSCHLTD,2013-06-07,2013-07-08,0.03333333333333333,9198.0,8725.0,-0.0017141407552366456
123,CESC,2013-06-07,2013-07-08,0.03333333333333333,348.9,352.6,0.00035349192700869837
124,COALINDIA,2013-06-07,2013-07-08,0.03333333333333333,320.0,295.0,-0.002604166666666667
125,DRREDDY,2013-06-07,2013-07-08,0.03333333333333333,2136.35,2216.0,0.0012427738900461082
126,EMAMILTD,2013-06-07,2013-07-08,0.03333333333333333,256.6666666666667,237.5,-0.0024891774891774915
127,EXIDEIND,2013-06-07,2013-07-08,0.03333333333333333,139.7,123.5,-0.0038654259126700047
128,GLAXO,2013-06-07,2013-07-08,0.03333333333333333,1335.0,1279.0,-0.0013982521847690388
129,GLAXO,2013-06-07,2013-07-08,0.03333333333333333,1335.0,1279.0,-0.0013982521847690388
130,GLAXO,2013-06-07,2013-07-08,0.03333333333333333,1335.0,1279.0,-0.0013982521847690388
131,GODREJCP,2013-06-07,2013-07-08,0.03333333333333333,285.96666666666664,268.0,-0.0020942611804017535
132,GSKCONS,2013-06-07,2013-07-08,0.03333333333333333,5764.0,5595.0,-0.000977330557483229
133,GSKCONS,2013-06-07,2013-07-08,0.03333333333333333,5764.0,5595.0,-0.000977330557483229
134,HINDUNILVR,2013-06-07,2013-07-08,0.03333333333333333,590.55,608.0,0.0009849575254706091
135,IBREALEST,2013-06-07,2013-07-08,0.03333333333333333,73.0,63.3,-0.0044292237442922384
136,INDIACEM,2013-06-07,2013-07-08,0.03333333333333333,67.5,56.05,-0.005654320987654322
137,IPCALAB,2013-06-07,2013-07-08,0.03333333333333333,600.0,693.15,0.005174999999999998
138,MARICO,2013-06-07,2013-07-08,0.03333333333333333,117.35,104.65,-0.0036074421246981934
139,MINDTREE,2013-06-07,2013-07-08,0.03333333333333333,207.525,205.5875,-0.0003112074850419628
140,MRF,2013-06-07,2013-07-08,0.03333333333333333,15200.0,12225.0,-0.006524122807017544
141,OFSS,2013-06-07,2013-07-08,0.03333333333333333,2722.0,2650.0,-0.0008817046289493019
142,RCOM,2013-06-07,2013-07-08,0.03333333333333333,118.6,138.0,0.005452501405283869
143,RPOWER,2013-06-07,2013-07-08,0.03333333333333333,70.8,67.0,-0.001789077212806025
144,SYNDIBANK,2013-06-07,2013-07-08,0.03333333333333333,134.75,109.0,-0.0063698206555349406
145,THERMAX,2013-06-07,2013-07-08,0.03333333333333333,580.55,618.0,0.0021502598110986738
146,UCOBANK,2013-06-07,2013-07-08,0.03333333333333333,81.9,64.0,-0.007285307285307288
147,UPL,2013-06-07,2013-07-08,0.03333333333333333,107.2,87.73333333333333,-0.0060530679933665016
148,UNITDSPR,2013-06-07,2013-07-08,0.03333333333333333,501.89,506.4,0.0002995344265343662
149,BRITANNIA,2013-06-07,2013-07-08,0.03333333333333333,349.125,335.0,-0.001348609619286311
150,ACC,2013-07-09,2013-08-07,0.03333333333333333,1263.25,1175.0,-0.002328649647074345
151,AMBUJACEM,2013-07-09,2013-08-07,0.03333333333333333,194.4,179.6,-0.0025377229080932803
152,AUROPHARMA,2013-07-09,2013-08-07,0.03333333333333333,96.9,75.5,-0.0073615411076711395
153,BATAINDIA,2013-07-09,2013-08-07,0.03333333333333333,436.0,417.6,-0.0014067278287461758
154,CESC,2013-07-09,2013-08-07,0.03333333333333333,361.0,322.0,-0.003601108033240997
155,CIPLA,2013-07-09,2013-08-07,0.03333333333333333,396.25,393.7,-0.00021451104100946467
156,DRREDDY,2013-07-09,2013-08-07,0.03333333333333333,2260.0,2205.0,-0.0008112094395280236
157,GLAXO,2013-07-09,2013-08-07,0.03333333333333333,1267.0,1153.0,-0.002999210734017364
158,GODREJCP,2013-07-09,2013-08-07,0.03333333333333333,262.0,280.0,0.0022900763358778627
159,GSKCONS,2013-07-09,2013-08-07,0.03333333333333333,5480.0,4020.0,-0.008880778588807786
160,HCLTECH,2013-07-09,2013-08-07,0.03333333333333333,408.25,476.0,0.005531741171667688
161,HINDUNILVR,2013-07-09,2013-08-07,0.03333333333333333,610.45,606.55,-0.00021295765418953726
162,IBREALEST,2013-07-09,2013-08-07,0.03333333333333333,64.3,58.0,-0.0032659409020217717
163,INDIACEM,2013-07-09,2013-08-07,0.03333333333333333,55.95,46.0,-0.005927911826035152
164,IPCALAB,2013-07-09,2013-08-07,0.03333333333333333,695.0,657.2,-0.0018129496402877676
165,ITC,2013-07-09,2013-08-07,0.03333333333333333,230.29999999999998,220.66666666666666,-0.0013943165918849799
166,JUBLFOOD,2013-07-09,2013-08-07,0.03333333333333333,560.55,548.8,-0.0006987185205006987
167,LUPIN,2013-07-09,2013-08-07,0.03333333333333333,832.05,893.9,0.0024778158363880387
168,M&MFIN,2013-07-09,2013-08-07,0.03333333333333333,277.7,228.75,-0.005875645180650581
169,MINDTREE,2013-07-09,2013-08-07,0.03333333333333333,210.5,245.0,0.005463182897862232
170,MINDTREE,2013-07-09,2013-08-07,0.03333333333333333,210.5,245.0,0.005463182897862232
171,RCOM,2013-07-09,2013-08-07,0.03333333333333333,146.3,121.1,-0.005741626794258377
172,RELCAPITAL,2013-07-09,2013-08-07,0.03333333333333333,376.0,311.75,-0.005695921985815602
173,RELIANCE,2013-07-09,2013-08-07,0.03333333333333333,434.55,422.5,-0.000924327848732406
174,RPOWER,2013-07-09,2013-08-07,0.03333333333333333,72.15,66.15,-0.002772002772002772
175,SUNPHARMA,2013-07-09,2013-08-07,0.03333333333333333,524.0,540.5,0.001049618320610687
176,TATACONSUM,2013-07-09,2013-08-07,0.03333333333333333,148.0,138.0,-0.0022522522522522522
177,TECHM,2013-07-09,2013-08-07,0.03333333333333333,209.6,246.8,0.0059160305343511485
178,UBL,2013-07-09,2013-08-07,0.03333333333333333,840.25,724.0,-0.0046117227015769115
179,UCOBANK,2013-07-09,2013-08-07,0.03333333333333333,68.0,54.5,-0.006617647058823529
180,APOLLOTYRE,2013-08-08,2013-09-06,0.03333333333333333,60.9,65.4,0.002463054187192122
181,BAJAJHLDNG,2013-08-08,2013-09-06,0.03333333333333333,821.15,800.0,-0.0008585520306886674
182,BOSCHLTD,2013-08-08,2013-09-06,0.03333333333333333,8484.95,8159.3,-0.0012793239795166756
183,GLAXO,2013-08-08,2013-09-06,0.03333333333333333,1178.5,1134.0,-0.0012586621411398672
184,GLAXO,2013-08-08,2013-09-06,0.03333333333333333,1178.5,1134.0,-0.0012586621411398672
185,GODREJCP,2013-08-08,2013-09-06,0.03333333333333333,283.0,271.6666666666667,-0.0013349038084020395
186,GSKCONS,2013-08-08,2013-09-06,0.03333333333333333,3932.0,4263.0,0.0028060359443879282
187,HCLTECH,2013-08-08,2013-09-06,0.03333333333333333,449.0,508.0,0.004380103934669636
188,HEROMOTOCO,2013-08-08,2013-09-06,0.03333333333333333,1815.0,1954.85,0.0025684113865932032
189,IBREALEST,2013-08-08,2013-09-06,0.03333333333333333,61.05,60.0,-0.0005733005733005718
190,INDIACEM,2013-08-08,2013-09-06,0.03333333333333333,45.05,48.1,0.0022567517573066995
191,JPASSOCIAT,2013-08-08,2013-09-06,0.03333333333333333,31.0,38.0,0.007526881720430108
192,MINDTREE,2013-08-08,2013-09-06,0.03333333333333333,242.5,263.225,0.0028487972508591097
193,MINDTREE,2013-08-08,2013-09-06,0.03333333333333333,242.5,263.225,0.0028487972508591097
194,MPHASIS,2013-08-08,2013-09-06,0.03333333333333333,411.1,429.0,0.001451390578123731
195,NIITTECH,2013-08-08,2013-09-06,0.03333333333333333,256.0,290.05,0.004433593750000002
196,OFSS,2013-08-08,2013-09-06,0.03333333333333333,2977.0,3014.5,0.0004198857910648304
197,PEL,2013-08-08,2013-09-06,0.03333333333333333,588.0,605.0,0.000963718820861678
198,RPOWER,2013-08-08,2013-09-06,0.03333333333333333,72.1,70.0,-0.0009708737864077645
199,STAR,2013-08-08,2013-09-06,0.03333333333333333,350.17021276595744,386.7659574468085,0.0034836148580224403
200,SUNTV,2013-08-08,2013-09-06,0.03333333333333333,417.0,405.0,-0.0009592326139088729
201,TATACONSUM,2013-08-08,2013-09-06,0.03333333333333333,143.0,148.45,0.0012703962703962677
202,TCS,2013-08-08,2013-09-06,0.03333333333333333,902.55,1004.5,0.003765257695787862
203,TECHM,2013-08-08,2013-09-06,0.03333333333333333,245.8,275.6,0.004041225928939519
204,THERMAX,2013-08-08,2013-09-06,0.03333333333333333,550.0,543.25,-0.0004090909090909091
205,TITAN,2013-08-08,2013-09-06,0.03333333333333333,264.2,234.75,-0.0037156194801917725
206,UCOBANK,2013-08-08,2013-09-06,0.03333333333333333,56.25,54.9,-0.0008000000000000008
207,CONCOR,2013-08-08,2013-09-06,0.03333333333333333,348.0,335.5,-0.0011973180076628354
208,INFY,2013-08-08,2013-09-06,0.03333333333333333,367.5,375.7375,0.0007471655328798196
209,HDFCBANK,2013-08-08,2013-09-06,0.03333333333333333,302.0,305.5,0.00038631346578366446
210,ABB,2013-09-12,2013-10-11,0.03333333333333333,578.0,545.0,-0.0019031141868512112
211,AMARAJABAT,2013-09-12,2013-10-11,0.03333333333333333,306.6,311.05,0.00048380082626657843
212,AMBUJACEM,2013-09-12,2013-10-11,0.03333333333333333,187.0,198.0,0.00196078431372549
213,BAJAJ-AUTO,2013-09-12,2013-10-11,0.03333333333333333,1982.0,2141.5,0.0026824756138580557
214,BHARATFORG,2013-09-12,2013-10-11,0.03333333333333333,127.0,133.25,0.0016404199475065617
215,COALINDIA,2013-09-12,2013-10-11,0.03333333333333333,292.0,297.0,0.0005707762557077625
216,CYIENT,2013-09-12,2013-10-11,0.03333333333333333,189.9,213.35,0.004116201509566437
217,GODREJIND,2013-09-12,2013-10-11,0.03333333333333333,284.8,276.7,-0.0009480337078651711
218,GSKCONS,2013-09-12,2013-10-11,0.03333333333333333,4825.0,4560.0,-0.001830742659758204
219,GSKCONS,2013-09-12,2013-10-11,0.03333333333333333,4825.0,4560.0,-0.001830742659758204
220,HCLTECH,2013-09-12,2013-10-11,0.03333333333333333,537.75,567.5,0.001844103517743685
221,HINDALCO,2013-09-12,2013-10-11,0.03333333333333333,114.5,119.0,0.0013100436681222707
222,IBREALEST,2013-09-12,2013-10-11,0.03333333333333333,62.9,62.9,0.0
223,ICICIBANK,2013-09-12,2013-10-11,0.03333333333333333,191.78,192.2,7.30003128584815e-05
224,IRB,2013-09-12,2013-10-11,0.03333333333333333,78.05,80.95,0.001238522314755501
225,KTKBANK,2013-09-12,2013-10-11,0.03333333333333333,93.25,93.45,7.149240393208323e-05
226,MINDTREE,2013-09-12,2013-10-11,0.03333333333333333,265.0,335.0,0.00880503144654088
227,MINDTREE,2013-09-12,2013-10-11,0.03333333333333333,265.0,335.0,0.00880503144654088
228,OFSS,2013-09-12,2013-10-11,0.03333333333333333,3090.0,3145.0,0.000593311758360302
229,ORIENTBANK,2013-09-12,2013-10-11,0.03333333333333333,159.75,158.15,-0.0003338549817423045
230,RAYMOND,2013-09-12,2013-10-11,0.03333333333333333,231.5,255.65,0.0034773218142548604
231,RCOM,2013-09-12,2013-10-11,0.03333333333333333,144.1,152.0,0.0018274346518621341
232,RECLTD,2013-09-12,2013-10-11,0.03333333333333333,98.125,97.525,-0.00020382165605095347
233,RPOWER,2013-09-12,2013-10-11,0.03333333333333333,69.4,72.6,0.0015369836695485054
234,SIEMENS,2013-09-12,2013-10-11,0.03333333333333333,517.7,519.8,0.0001352134440795769
235,STAR,2013-09-12,2013-10-11,0.03333333333333333,389.36170212765956,369.6595744680851,-0.00168670309653916
236,TATASTEEL,2013-09-12,2013-10-11,0.03333333333333333,313.9,311.7,-0.0002336200488478272
237,UBL,2013-09-12,2013-10-11,0.03333333333333333,858.0,865.7,0.0002991452991453009
238,VIDEOIND,2013-09-12,2013-10-11,0.03333333333333333,178.0,179.85,0.000346441947565542
239,WOCKPHARMA,2013-09-12,2013-10-11,0.03333333333333333,669.7,533.6,-0.006774177492409537
240,SUNPHARMA,2013-10-10,2013-11-08,0.03333333333333333,647.5,591.1,-0.002903474903474902
241,BRITANNIA,2013-10-10,2013-11-08,0.03333333333333333,434.0,468.25,0.002630568356374808
242,VIDEOIND,2013-10-10,2013-11-08,0.03333333333333333,177.1,173.9,-0.0006022962544701654
243,L&TFH,2013-10-10,2013-11-08,0.03333333333333333,77.0,77.5,0.00021645021645021645
244,JSWSTEEL,2013-10-10,2013-11-08,0.03333333333333333,78.405,86.3,0.0033565036243436842
245,TATACOMM,2013-10-10,2013-11-08,0.03333333333333333,146.66666666666666,174.66666666666666,0.006363636363636364
246,KTKBANK,2013-10-10,2013-11-08,0.03333333333333333,92.9,101.7,0.003157517043415858
247,ULTRACEMCO,2013-10-10,2013-11-08,0.03333333333333333,1968.0,1935.0,-0.0005589430894308943
248,PIDILITIND,2013-10-10,2013-11-08,0.03333333333333333,268.1,278.1,0.0012433171702101204
249,OFSS,2013-10-10,2013-11-08,0.03333333333333333,3225.0,3185.35,-0.00040981912144702937
250,TECHM,2013-10-10,2013-11-08,0.03333333333333333,296.0,321.8,0.0029054054054054065
251,BAJAJ-AUTO,2013-10-10,2013-11-08,0.03333333333333333,2160.25,2095.0,-0.0010068279134359448
252,VOLTAS,2013-10-10,2013-11-08,0.03333333333333333,86.5,86.8,0.00011560693641618387
253,GLENMARK,2013-10-10,2013-11-08,0.03333333333333333,576.0,527.0,-0.002835648148148148
254,MRF,2013-10-10,2013-11-08,0.03333333333333333,14850.0,16200.0,0.0030303030303030303
255,HAVELLS,2013-10-10,2013-11-08,0.03333333333333333,136.2,148.4,0.0029858051884483648
256,EICHERMOT,2013-10-10,2013-11-08,0.03333333333333333,3900.0,4121.0,0.0018888888888888887
257,RAYMOND,2013-10-10,2013-11-08,0.03333333333333333,255.8,269.05,0.0017266093302058898
258,RPOWER,2013-10-10,2013-11-08,0.03333333333333333,71.95,74.3,0.001088719017836458
259,LUPIN,2013-10-10,2013-11-08,0.03333333333333333,917.0,878.0,-0.0014176663031624864
260,SOBHA,2013-10-10,2013-11-08,0.03333333333333333,319.95,313.0,-0.0007240714695004415
261,ORIENTBANK,2013-10-10,2013-11-08,0.03333333333333333,157.55,185.55,0.005924045276631757
262,HCLTECH,2013-10-10,2013-11-08,0.03333333333333333,555.9,551.25,-0.00027882712718114636
263,CYIENT,2013-10-10,2013-11-08,0.03333333333333333,212.0,251.15,0.006155660377358491
264,GMDCLTD,2013-10-10,2013-11-08,0.03333333333333333,94.65,102.5,0.002764571227328753
265,RCOM,2013-10-10,2013-11-08,0.03333333333333333,153.75,139.85,-0.0030135501355013565
266,IDEA,2013-10-10,2013-11-08,0.03333333333333333,182.9,163.0,-0.0036267541461636604
267,ASIANPAINT,2013-11-11,2013-12-09,0.03333333333333333,551.15,516.0,-0.002125858054371162
268,BAJAJHLDNG,2013-11-11,2013-12-09,0.03333333333333333,860.15,880.0,0.0007692456742041126
269,BAJFINANCE,2013-11-11,2013-12-09,0.03333333333333333,140.475,150.5,0.0023788337189298227
270,CADILAHC,2013-11-11,2013-12-09,0.03333333333333333,144.48,148.2,0.0008582502768549278
271,CESC,2013-11-11,2013-12-09,0.03333333333333333,400.0,400.05,4.166666666667614e-06
272,HCLTECH,2013-11-11,2013-12-09,0.03333333333333333,557.5,565.9,0.0005022421524663663
273,J&KBANK,2013-11-11,2013-12-09,0.03333333333333333,130.0,126.7,-0.0008461538461538454
274,KTKBANK,2013-11-11,2013-12-09,0.03333333333333333,101.3,108.1,0.0022375781507074687
275,MRF,2013-11-11,2013-12-09,0.03333333333333333,16211.7,17898.9,0.003469099477537829
276,NIITTECH,2013-11-11,2013-12-09,0.03333333333333333,294.0,331.2,0.004217687074829931
277,ORIENTBANK,2013-11-11,2013-12-09,0.03333333333333333,180.8,221.9,0.007577433628318583
278,ORISSAMINE,2013-11-11,2013-12-09,0.03333333333333333,2099.0,2150.0,0.0008099094807050976
279,RCOM,2013-11-11,2013-12-09,0.03333333333333333,138.9,142.0,0.0007439404847612177
280,RECLTD,2013-11-11,2013-12-09,0.03333333333333333,105.0,114.5,0.0030158730158730157
281,RECLTD,2013-11-11,2013-12-09,0.03333333333333333,105.0,114.5,0.0030158730158730157
282,RPOWER,2013-11-11,2013-12-09,0.03333333333333333,75.2,76.6,0.0006205673758865211
283,TATACHEM,2013-11-11,2013-12-09,0.03333333333333333,273.9,279.8,0.0007180236095898788
284,TATACOMM,2013-11-11,2013-12-09,0.03333333333333333,172.03333333333333,193.33333333333334,0.004127107149777177
285,TATASTEEL,2013-11-11,2013-12-09,0.03333333333333333,355.8,430.0,0.0069514708637811486
286,TECHM,2013-11-11,2013-12-09,0.03333333333333333,335.0,336.64,0.00016318407960198868
287,TORNTPHARM,2013-11-11,2013-12-09,0.03333333333333333,482.15,496.1,0.000964430156590276
288,UPL,2013-11-11,2013-12-09,0.03333333333333333,112.63333333333333,114.0,0.00040445891289336323
289,VIDEOIND,2013-11-11,2013-12-09,0.03333333333333333,172.7,169.75,-0.0005693881490059813
290,JSWSTEEL,2013-11-11,2013-12-09,0.03333333333333333,86.0,94.825,0.0034205426356589156
291,UNITDSPR,2013-11-11,2013-12-09,0.03333333333333333,481.8,519.0,0.0025736820257368192
292,INFY,2013-11-11,2013-12-09,0.03333333333333333,418.75,420.625,0.00014925373134328358
293,EICHERMOT,2013-11-11,2013-12-09,0.03333333333333333,4240.0,4900.0,0.005188679245283019
294,ADANIPORTS,2013-12-11,2014-01-09,0.03333333333333333,159.9,149.45,-0.002178444861371694
295,AMARAJABAT,2013-12-11,2014-01-09,0.03333333333333333,360.25,332.25,-0.002590793430488087
296,AUROPHARMA,2013-12-11,2014-01-09,0.03333333333333333,154.2,203.5,0.010657155209684396
297,BAJAJFINSV,2013-12-11,2014-01-09,0.03333333333333333,704.0,736.05,0.0015175189393939372
298,BAJAJHLDNG,2013-12-11,2014-01-09,0.03333333333333333,875.05,903.0,0.0010647010647010665
299,BAJFINANCE,2013-12-11,2014-01-09,0.03333333333333333,149.995,154.60999999999999,0.0010255897418802804
300,BANKBARODA,2013-12-11,2014-01-09,0.03333333333333333,140.02,125.65,-0.0034209398657334676
301,BHARATFORG,2013-12-11,2014-01-09,0.03333333333333333,160.275,165.0,0.0009826860084230216
302,BHEL,2013-12-11,2014-01-09,0.03333333333333333,109.23333333333333,108.60000000000001,-0.00019326619875902526
303,HCLTECH,2013-12-11,2014-01-09,0.03333333333333333,577.525,625.25,0.0027545705092131664
304,HCLTECH,2013-12-11,2014-01-09,0.03333333333333333,577.525,625.25,0.0027545705092131664
305,HEROMOTOCO,2013-12-11,2014-01-09,0.03333333333333333,2200.05,2069.45,-0.001978742907358171
306,INFRATEL,2013-12-11,2014-01-09,0.03333333333333333,182.15,175.1,-0.0012901454844908063
307,J&KBANK,2013-12-11,2014-01-09,0.03333333333333333,124.47999999999999,144.0,0.005227077977720654
308,KTKBANK,2013-12-11,2014-01-09,0.03333333333333333,102.05,109.75,0.0025151069737057007
309,MARUTI,2013-12-11,2014-01-09,0.03333333333333333,1743.3,1858.8,0.002208455228589457
310,MRF,2013-12-11,2014-01-09,0.03333333333333333,18410.0,19150.0,0.0013398515299655985
311,ORIENTBANK,2013-12-11,2014-01-09,0.03333333333333333,222.9,214.0,-0.0013309406310752215
312,ORIENTBANK,2013-12-11,2014-01-09,0.03333333333333333,222.9,214.0,-0.0013309406310752215
313,PNB,2013-12-11,2014-01-09,0.03333333333333333,120.05999999999999,122.02000000000001,0.000544172358265318
314,SIEMENS,2013-12-11,2014-01-09,0.03333333333333333,645.0,630.0,-0.0007751937984496124
315,TATAPOWER,2013-12-11,2014-01-09,0.03333333333333333,87.1,81.0,-0.002334481438959049
316,TATASTEEL,2013-12-11,2014-01-09,0.03333333333333333,421.95,394.35,-0.0021803531224078654
317,THERMAX,2013-12-11,2014-01-09,0.03333333333333333,682.3,687.0,0.0002296155161463699
318,UPL,2013-12-11,2014-01-09,0.03333333333333333,120.0,135.1,0.004194444444444443
319,VIDEOIND,2013-12-11,2014-01-09,0.03333333333333333,168.3,180.0,0.0023172905525846678
320,VOLTAS,2013-12-11,2014-01-09,0.03333333333333333,123.0,117.0,-0.0016260162601626016
321,WIPRO,2013-12-11,2014-01-09,0.03333333333333333,192.85714285714283,205.6390977443609,0.0022092267706302826
322,JSWSTEEL,2013-12-11,2014-01-09,0.03333333333333333,94.6,102.9,0.0029245947850599055
323,JSWSTEEL,2013-12-11,2014-01-09,0.03333333333333333,94.6,102.9,0.0029245947850599055
324,APOLLOTYRE,2014-01-09,2014-02-07,0.03333333333333333,113.0,113.0,0.0
325,AUROPHARMA,2014-01-09,2014-02-07,0.03333333333333333,203.5,265.075,0.010085995085995085
326,BAJAJFINSV,2014-01-09,2014-02-07,0.03333333333333333,736.05,678.0,-0.0026288974933768067
327,BIOCON,2014-01-09,2014-02-07,0.03333333333333333,78.875,70.64999999999999,-0.003475964078182782
328,CADILAHC,2014-01-09,2014-02-07,0.03333333333333333,170.66,172.01,0.00026368217508496313
329,CENTURYTEX,2014-01-09,2014-02-07,0.03333333333333333,124.8,119.52000000000001,-0.001410256410256407
330,CYIENT,2014-01-09,2014-02-07,0.03333333333333333,352.35,341.5,-0.0010264415117544128
331,GLAXO,2014-01-09,2014-02-07,0.03333333333333333,1488.6,1488.0,-1.3435442697834858e-05
332,HAVELLS,2014-01-09,2014-02-07,0.03333333333333333,167.5,158.0,-0.001890547263681592
333,HCLTECH,2014-01-09,2014-02-07,0.03333333333333333,625.25,709.85,0.004510195921631348
334,HCLTECH,2014-01-09,2014-02-07,0.03333333333333333,625.25,709.85,0.004510195921631348
335,IPCALAB,2014-01-09,2014-02-07,0.03333333333333333,752.0,805.0,0.002349290780141844
336,J&KBANK,2014-01-09,2014-02-07,0.03333333333333333,144.0,133.2,-0.0025000000000000027
337,KTKBANK,2014-01-09,2014-02-07,0.03333333333333333,109.75,95.75,-0.00425208807896735
338,LUPIN,2014-01-09,2014-02-07,0.03333333333333333,940.0,912.95,-0.0009592198581560268
339,MARUTI,2014-01-09,2014-02-07,0.03333333333333333,1858.8,1654.95,-0.003655584247901871
340,MINDTREE,2014-01-09,2014-02-07,0.03333333333333333,415.0,360.0,-0.004417670682730923
341,NIITTECH,2014-01-09,2014-02-07,0.03333333333333333,385.0,387.5,0.00021645021645021645
342,ORIENTBANK,2014-01-09,2014-02-07,0.03333333333333333,214.0,172.5,-0.0064641744548286605
343,PAGEIND,2014-01-09,2014-02-07,0.03333333333333333,5450.0,5640.1,0.0011626911314984731
344,SUNPHARMA,2014-01-09,2014-02-07,0.03333333333333333,600.9,590.95,-0.0005519498529982765
345,TCS,2014-01-09,2014-02-07,0.03333333333333333,1114.375,1095.0,-0.0005795475789867265
346,UPL,2014-01-09,2014-02-07,0.03333333333333333,135.1,126.66666666666667,-0.002080763220659591
347,VIDEOIND,2014-01-09,2014-02-07,0.03333333333333333,180.0,166.95,-0.002416666666666669
348,VIDEOIND,2014-01-09,2014-02-07,0.03333333333333333,180.0,166.95,-0.002416666666666669
349,JSWSTEEL,2014-01-09,2014-02-07,0.03333333333333333,102.9,85.6,-0.005604146420472954
350,JSWSTEEL,2014-01-09,2014-02-07,0.03333333333333333,102.9,85.6,-0.005604146420472954
351,63MOONS,2014-01-09,2014-02-07,0.03333333333333333,312.9,292.9,-0.0021306061574517953
352,UNITDSPR,2014-01-09,2014-02-07,0.03333333333333333,543.8,499.2,-0.002733848228515384
353,CONCOR,2014-01-09,2014-02-07,0.03333333333333333,377.65,373.5,-0.00036630036630036435
354,AMARAJABAT,2014-02-07,2014-03-10,0.03333333333333333,351.9,379.8,0.00264279624893436
355,AUROPHARMA,2014-02-07,2014-03-10,0.03333333333333333,265.075,252.5,-0.0015813134647426816
356,BAJAJFINSV,2014-02-07,2014-03-10,0.03333333333333333,678.0,718.45,0.0019886922320550664
357,BAJAJHLDNG,2014-02-07,2014-03-10,0.03333333333333333,945.0,960.05,0.0005308641975308626
358,BIOCON,2014-02-07,2014-03-10,0.03333333333333333,70.64999999999999,73.5,0.0013446567586695016
359,CADILAHC,2014-02-07,2014-03-10,0.03333333333333333,172.01,194.0,0.004261380152316728
360,CENTURYTEX,2014-02-07,2014-03-10,0.03333333333333333,119.52000000000001,134.64000000000001,0.004216867469879519
361,CESC,2014-02-07,2014-03-10,0.03333333333333333,460.05,488.7,0.0020758613194218002
362,DABUR,2014-02-07,2014-03-10,0.03333333333333333,173.0,171.2,-0.0003468208092485571
363,DIVISLAB,2014-02-07,2014-03-10,0.03333333333333333,687.0,694.975,0.0003869480834546348
364,GLENMARK,2014-02-07,2014-03-10,0.03333333333333333,565.05,555.0,-0.0005928678877975374
365,HCLTECH,2014-02-07,2014-03-10,0.03333333333333333,709.85,739.0,0.0013688337911765384
366,HINDUNILVR,2014-02-07,2014-03-10,0.03333333333333333,587.4,552.0,-0.0020088525706503223
367,HINDUNILVR,2014-02-07,2014-03-10,0.03333333333333333,587.4,552.0,-0.0020088525706503223
368,J&KBANK,2014-02-07,2014-03-10,0.03333333333333333,133.2,141.5,0.00207707707707708
369,J&KBANK,2014-02-07,2014-03-10,0.03333333333333333,133.2,141.5,0.00207707707707708
370,KTKBANK,2014-02-07,2014-03-10,0.03333333333333333,95.75,110.5,0.005134899912967798
371,MPHASIS,2014-02-07,2014-03-10,0.03333333333333333,379.1,401.5,0.0019695770684955574
372,OBEROIRLTY,2014-02-07,2014-03-10,0.03333333333333333,188.6,190.85,0.00039766702014846237
373,ONGC,2014-02-07,2014-03-10,0.03333333333333333,180.26666666666665,209.03333333333333,0.0053192800788954666
374,ORIENTBANK,2014-02-07,2014-03-10,0.03333333333333333,172.5,187.95,0.0029855072463768092
375,PAGEIND,2014-02-07,2014-03-10,0.03333333333333333,5640.1,6645.0,0.005939019993735333
376,PIDILITIND,2014-02-07,2014-03-10,0.03333333333333333,273.6,285.85,0.0014924463937621832
377,RALLIS,2014-02-07,2014-03-10,0.03333333333333333,162.2,172.2,0.002055076037813399
378,RAMCOCEM,2014-02-07,2014-03-10,0.03333333333333333,162.45,189.85,0.005622242741356316
379,TORNTPHARM,2014-02-07,2014-03-10,0.03333333333333333,535.05,552.0,0.0010559760770021522
380,UBL,2014-02-07,2014-03-10,0.03333333333333333,828.7,803.1,-0.0010297252725151853
381,VIDEOIND,2014-02-07,2014-03-10,0.03333333333333333,166.95,168.45,0.0002994908655286014
382,VOLTAS,2014-02-07,2014-03-10,0.03333333333333333,117.75,143.25,0.007218683651804671
383,JSWSTEEL,2014-02-07,2014-03-10,0.03333333333333333,85.6,93.525,0.0030860591900311574
384,CONCOR,2014-03-12,2014-04-10,0.03333333333333333,418.0,458.05,0.003193779904306221
385,SOBHA,2014-03-12,2014-04-10,0.03333333333333333,363.95,375.55,0.0010624169986719809
386,EXIDEIND,2014-03-12,2014-04-10,0.03333333333333333,120.3,125.0,0.0013022998060404551
387,DLF,2014-03-12,2014-04-10,0.03333333333333333,179.65,178.0,-0.00030615084887280927
388,ONGC,2014-03-12,2014-04-10,0.03333333333333333,213.83333333333334,215.29999999999998,0.00022863081319822914
389,LT,2014-03-12,2014-04-10,0.03333333333333333,816.6666666666666,864.1666666666666,0.0019387755102040817
390,INFRATEL,2014-03-12,2014-04-10,0.03333333333333333,207.5,196.55,-0.0017590361445783114
391,IRB,2014-03-12,2014-04-10,0.03333333333333333,100.35,117.2,0.005597076897525331
392,SHREECEM,2014-03-12,2014-04-10,0.03333333333333333,5209.95,5522.05,0.001996820187013953
393,AXISBANK,2014-03-12,2014-04-10,0.03333333333333333,283.5,296.89,0.0015743680188124616
394,LICHSGFIN,2014-03-12,2014-04-10,0.03333333333333333,230.85,257.0,0.0037759006569922757
395,INDUSINDBK,2014-03-12,2014-04-10,0.03333333333333333,474.25,517.0,0.0030047443331576175
396,ULTRACEMCO,2014-03-12,2014-04-10,0.03333333333333333,2003.3,2222.0,0.0036389956571656777
397,AMBUJACEM,2014-03-12,2014-04-10,0.03333333333333333,183.75,212.0,0.005124716553287982
398,J&KBANK,2014-03-12,2014-04-10,0.03333333333333333,154.0,173.1,0.0041341991341991334
399,ACC,2014-03-12,2014-04-10,0.03333333333333333,1247.7,1376.4,0.00343832652079827
400,ICICIBANK,2014-03-12,2014-04-10,0.03333333333333333,238.8,250.2,0.0015912897822445528
401,RELINFRA,2014-03-12,2014-04-10,0.03333333333333333,423.7,463.1,0.003099677444732911
402,RAMCOCEM,2014-03-12,2014-04-10,0.03333333333333333,199.8,214.9,0.002519185852519185
403,ORIENTBANK,2014-03-12,2014-04-10,0.03333333333333333,194.5,233.75,0.0067266495287060845
404,BPCL,2014-03-12,2014-04-10,0.03333333333333333,138.21666666666667,147.31666666666666,0.0021946219703364266
405,VIDEOIND,2014-03-12,2014-04-10,0.03333333333333333,166.1,173.3,0.0014449127031908524
406,BATAINDIA,2014-03-12,2014-04-10,0.03333333333333333,552.25,550.85,-8.450279161007859e-05
407,BANKBARODA,2014-03-12,2014-04-10,0.03333333333333333,129.22,158.95999999999998,0.007671671051952737
408,BHEL,2014-03-12,2014-04-10,0.03333333333333333,125.73333333333333,121.13333333333333,-0.0012195121951219536
409,SIEMENS,2014-03-12,2014-04-10,0.03333333333333333,672.0,759.0,0.004315476190476191
410,BANKINDIA,2014-03-12,2014-04-10,0.03333333333333333,204.1,240.5,0.005944798301486201
411,THERMAX,2014-03-12,2014-04-10,0.03333333333333333,763.9,757.0,-0.0003010865296504768
412,BAJFINANCE,2014-03-12,2014-04-10,0.03333333333333333,169.6,174.405,0.0009443789308176115
413,GRASIM,2014-03-12,2014-04-10,0.03333333333333333,563.8,571.6,0.00046115643845335636
414,ADANIENT,2014-04-11,2014-05-12,0.03333333333333333,77.75862068965517,75.30172413793103,-0.0010532150776053233
415,AMBUJACEM,2014-04-11,2014-05-12,0.03333333333333333,210.0,208.6,-0.00022222222222222313
416,APOLLOTYRE,2014-04-11,2014-05-12,0.03333333333333333,163.9,168.45,0.0009253609924750829
417,BANKBARODA,2014-04-11,2014-05-12,0.03333333333333333,155.2,167.0,0.0025343642611683876
418,CANBK,2014-04-11,2014-05-12,0.03333333333333333,279.0,289.9,0.0013022700119474286
419,HDFC,2014-04-11,2014-05-12,0.03333333333333333,920.0,882.35,-0.0013641304347826078
420,HDIL,2014-04-11,2014-05-12,0.03333333333333333,75.2,78.35,0.001396276595744677
421,HINDUNILVR,2014-04-11,2014-05-12,0.03333333333333333,613.0,555.55,-0.003123980424143559
422,IBULHSGFIN,2014-04-11,2014-05-12,0.03333333333333333,276.95,284.8,0.0009448155503400161
423,INDIANB,2014-04-11,2014-05-12,0.03333333333333333,131.15,124.4,-0.001715592832634388
424,IRB,2014-04-11,2014-05-12,0.03333333333333333,120.0,132.75,0.0035416666666666665
425,J&KBANK,2014-04-11,2014-05-12,0.03333333333333333,171.6,180.0,0.0016317016317016328
426,J&KBANK,2014-04-11,2014-05-12,0.03333333333333333,171.6,180.0,0.0016317016317016328
427,KTKBANK,2014-04-11,2014-05-12,0.03333333333333333,119.5,124.5,0.001394700139470014
428,LICHSGFIN,2014-04-11,2014-05-12,0.03333333333333333,267.4,279.5,0.0015083520319122442
429,LICHSGFIN,2014-04-11,2014-05-12,0.03333333333333333,267.4,279.5,0.0015083520319122442
430,NMDC,2014-04-11,2014-05-12,0.03333333333333333,150.0,149.3,-0.00015555555555555302
431,ORIENTBANK,2014-04-11,2014-05-12,0.03333333333333333,230.5,267.0,0.0052783803326102675
432,PIDILITIND,2014-04-11,2014-05-12,0.03333333333333333,323.05,297.1,-0.0026776040860547893
433,PNB,2014-04-11,2014-05-12,0.03333333333333333,154.81,165.0,0.002194087375923174
434,RAMCOCEM,2014-04-11,2014-05-12,0.03333333333333333,214.0,219.95,0.0009267912772585651
435,RELINFRA,2014-04-11,2014-05-12,0.03333333333333333,503.0,549.55,0.0030848243870112628
436,SBIN,2014-04-11,2014-05-12,0.03333333333333333,201.5,218.8,0.0028618693134822184
437,TATASTEEL,2014-04-11,2014-05-12,0.03333333333333333,415.5,416.95,0.00011632571199358111
438,TORNTPOWER,2014-04-11,2014-05-12,0.03333333333333333,103.45,120.35,0.005445464797808922
439,ULTRACEMCO,2014-04-11,2014-05-12,0.03333333333333333,2210.1,2079.6,-0.001968236731369621
440,UNIONBANK,2014-04-11,2014-05-12,0.03333333333333333,150.9,146.2,-0.0010382151535233083
441,UPL,2014-04-11,2014-05-12,0.03333333333333333,141.0,180.0,0.00921985815602837
442,WOCKPHARMA,2014-04-11,2014-05-12,0.03333333333333333,642.3,764.0,0.006315844101925375
443,YESBANK,2014-04-11,2014-05-12,0.03333333333333333,87.99,97.6,0.0036405652157442134
444,PFC,2014-05-19,2014-06-16,0.03333333333333333,131.0,145.5,0.0036895674300254453
445,SBIN,2014-05-19,2014-06-16,0.03333333333333333,244.9,261.09000000000003,0.002203620525384514
446,OIL,2014-05-19,2014-06-16,0.03333333333333333,285.7142857142857,293.28320802005015,0.0008830409356725169
447,HINDPETRO,2014-05-19,2014-06-16,0.03333333333333333,91.08888888888889,86.44444444444444,-0.0016996015288281699
448,AXISBANK,2014-05-19,2014-06-16,0.03333333333333333,355.4,362.4,0.0006565372350403302
449,LICHSGFIN,2014-05-19,2014-06-16,0.03333333333333333,315.0,305.1,-0.0010476190476190453
450,RELINFRA,2014-05-19,2014-06-16,0.03333333333333333,634.0,742.25,0.005691377497371189
451,KOTAKBANK,2014-05-19,2014-06-16,0.03333333333333333,454.7,460.05,0.00039219998533832
452,ONGC,2014-05-19,2014-06-16,0.03333333333333333,262.6333333333333,280.3666666666667,0.0022507086347675273
453,RECLTD,2014-05-19,2014-06-16,0.03333333333333333,147.975,169.0,0.004736160387452837
454,COALINDIA,2014-05-19,2014-06-16,0.03333333333333333,349.75,389.0,0.0037407672146771505
455,J&KBANK,2014-05-19,2014-06-16,0.03333333333333333,184.7,162.26500000000001,-0.004048908139325027
456,RAMCOCEM,2014-05-19,2014-06-16,0.03333333333333333,250.0,302.0,0.006933333333333334
457,ORIENTBANK,2014-05-19,2014-06-16,0.03333333333333333,306.9,330.0,0.002508960573476705
458,BHEL,2014-05-19,2014-06-16,0.03333333333333333,154.06666666666666,158.66666666666666,0.0009952401557767189
459,JUBLFOOD,2014-05-19,2014-06-16,0.03333333333333333,585.0,624.425,0.002246438746438744
460,POWERGRID,2014-05-19,2014-06-16,0.03333333333333333,120.3,133.0,0.0035189803269603773
461,BPCL,2014-05-19,2014-06-16,0.03333333333333333,186.33333333333334,188.03333333333333,0.00030411449016099976
462,ADANIENT,2014-05-19,2014-06-16,0.03333333333333333,93.96551724137932,80.51724137931035,-0.0047706422018348625
463,ICICIBANK,2014-05-19,2014-06-16,0.03333333333333333,296.2,284.71999999999997,-0.0012919198739590387
464,RELCAPITAL,2014-05-19,2014-06-16,0.03333333333333333,461.45,589.0,0.00921371040560552
465,GAIL,2014-05-19,2014-06-16,0.03333333333333333,116.20215953417377,117.5872010854203,0.0003973080353523048
466,UCOBANK,2014-05-19,2014-06-16,0.03333333333333333,100.0,98.5,-0.0005
467,YESBANK,2014-05-19,2014-06-16,0.03333333333333333,110.94000000000001,104.97999999999999,-0.0017907577669611266
468,SOBHA,2014-05-19,2014-06-16,0.03333333333333333,425.05,499.65,0.00585029212249539
469,CANBK,2014-05-19,2014-06-16,0.03333333333333333,375.0,445.0,0.006222222222222223
470,INDUSINDBK,2014-05-19,2014-06-16,0.03333333333333333,562.1,535.0,-0.0016070687303564029
471,IRB,2014-05-19,2014-06-16,0.03333333333333333,157.4,190.0,0.0069038542990258345
472,RELIANCE,2014-05-19,2014-06-16,0.03333333333333333,545.5,542.0,-0.00021387106630003057
473,CONCOR,2014-05-19,2014-06-16,0.03333333333333333,535.0,585.0,0.0031152647975077885
474,IRB,2014-06-10,2014-07-09,0.03333333333333333,220.0,242.5,0.003409090909090909
475,SHREECEM,2014-06-10,2014-07-09,0.03333333333333333,7810.0,7305.0,-0.002155356380708493
476,RPOWER,2014-06-10,2014-07-09,0.03333333333333333,112.0,100.3,-0.0034821428571428577
477,ULTRACEMCO,2014-06-10,2014-07-09,0.03333333333333333,2803.7,2504.0,-0.0035631486963655147
478,SOBHA,2014-06-10,2014-07-09,0.03333333333333333,560.0,450.4,-0.0065238095238095255
479,DLF,2014-06-10,2014-07-09,0.03333333333333333,238.7,207.4,-0.004370897919285014
480,JSWENERGY,2014-06-10,2014-07-09,0.03333333333333333,83.2,75.5,-0.0030849358974358986
481,GRASIM,2014-06-10,2014-07-09,0.03333333333333333,740.0,657.0,-0.0037387387387387387
482,ANDHRABANK,2014-06-10,2014-07-09,0.03333333333333333,108.65,91.75,-0.005184844301273203
483,INDIACEM,2014-06-10,2014-07-09,0.03333333333333333,130.0,103.3,-0.006846153846153847
484,RELCAPITAL,2014-06-10,2014-07-09,0.03333333333333333,665.0,604.0,-0.003057644110275689
485,TATASTEEL,2014-06-10,2014-07-09,0.03333333333333333,575.0,516.0,-0.0034202898550724638
486,LT,2014-06-10,2014-07-09,0.03333333333333333,1170.5333333333333,1126.6666666666667,-0.0012491931503208385
487,PEL,2014-06-10,2014-07-09,0.03333333333333333,716.8,706.0,-0.0005022321428571407
488,INDHOTEL,2014-06-10,2014-07-09,0.03333333333333333,98.0,107.65,0.0032823129251700702
489,SAIL,2014-06-10,2014-07-09,0.03333333333333333,110.3,89.0,-0.006436990027198548
490,SYNDIBANK,2014-06-10,2014-07-09,0.03333333333333333,175.5,156.9,-0.0035327635327635316
491,CENTURYTEX,2014-06-10,2014-07-09,0.03333333333333333,227.6,233.95999999999998,0.000931458699472757
492,TRENT,2014-06-10,2014-07-09,0.03333333333333333,120.0,124.35,0.0012083333333333317
493,VEDL,2014-06-10,2014-07-09,0.03333333333333333,310.9,296.0,-0.0015975125978342423
494,J&KBANK,2014-06-10,2014-07-09,0.03333333333333333,166.3,159.6,-0.001342954499899783
495,TATACOMM,2014-06-10,2014-07-09,0.03333333333333333,257.93333333333334,252.66666666666666,-0.0006806237615232205
496,OBEROIRLTY,2014-06-10,2014-07-09,0.03333333333333333,273.0,238.05,-0.004267399267399266
497,RAMCOCEM,2014-06-10,2014-07-09,0.03333333333333333,304.75,291.0,-0.001503964998632759
498,HEROMOTOCO,2014-06-10,2014-07-09,0.03333333333333333,2721.0,2568.05,-0.0018736983951978417
499,TATAPOWER,2014-06-10,2014-07-09,0.03333333333333333,114.9,105.55,-0.0027125036263417487
500,JPASSOCIAT,2014-06-10,2014-07-09,0.03333333333333333,85.7,66.55,-0.007448463632827695
501,MRF,2014-06-10,2014-07-09,0.03333333333333333,24560.0,23001.0,-0.0021159066232356136
502,KARURVYSYA,2014-06-10,2014-07-09,0.03333333333333333,96.65,98.07000000000001,0.0004897396102776346
503,JSWENERGY,2014-07-10,2014-08-08,0.03333333333333333,73.9,76.3,0.0010825439783491164
504,J&KBANK,2014-07-10,2014-08-08,0.03333333333333333,159.005,156.89000000000001,-0.0004433822835759841
505,RAMCOCEM,2014-07-10,2014-08-08,0.03333333333333333,286.0,284.9,-0.00012820512820513086
506,PAGEIND,2014-07-10,2014-08-08,0.03333333333333333,7671.9,7820.6,0.0006460807188136826
507,SUNPHARMA,2014-07-10,2014-08-08,0.03333333333333333,721.25,744.15,0.0010583477758521074
508,JPASSOCIAT,2014-07-10,2014-08-08,0.03333333333333333,65.15,59.4,-0.0029419288820670283
509,IOB,2014-07-10,2014-08-08,0.03333333333333333,74.5,67.25,-0.003243847874720358
510,L&TFH,2014-07-10,2014-08-08,0.03333333333333333,69.15,66.75,-0.0011569052783803352
511,JUSTDIAL,2014-07-10,2014-08-08,0.03333333333333333,1559.0,1794.0,0.005024588411374813
512,PIDILITIND,2014-07-10,2014-08-08,0.03333333333333333,334.0,355.0,0.002095808383233533
513,MCLEODRUSS,2014-07-10,2014-08-08,0.03333333333333333,299.15,276.0,-0.0025795308930859637
514,OBEROIRLTY,2014-07-10,2014-08-08,0.03333333333333333,237.5,249.0,0.0016140350877192982
515,GMDCLTD,2014-07-10,2014-08-08,0.03333333333333333,157.65,148.6,-0.001913521513902106
516,ASIANPAINT,2014-07-10,2014-08-08,0.03333333333333333,595.0,628.0,0.0018487394957983196
517,CENTURYTEX,2014-07-10,2014-08-08,0.03333333333333333,233.0,235.2,0.00031473533619456206
518,BERGEPAINT,2014-07-10,2014-08-08,0.03333333333333333,108.30357142857143,113.21428571428572,0.0015114042319318512
519,CADILAHC,2014-07-10,2014-08-08,0.03333333333333333,225.0,223.66,-0.00019851851851851901
520,BAJAJFINSV,2014-07-10,2014-08-08,0.03333333333333333,929.0,932.0,0.00010764262648008612
521,DRREDDY,2014-07-10,2014-08-08,0.03333333333333333,2650.1,2760.0,0.0013823377734173564
522,ECLERX,2014-07-10,2014-08-08,0.03333333333333333,909.7744360902255,941.2781954887218,0.0011542699724517928
523,HDFC,2014-07-10,2014-08-08,0.03333333333333333,1013.0,1018.9,0.00019414281013491205
524,CRISIL,2014-07-10,2014-08-08,0.03333333333333333,1931.5,1925.0,-0.0001121753386832341
525,PERSISTENT,2014-07-10,2014-08-08,0.03333333333333333,593.35,633.5,0.0022555546192522665
526,GESHIP,2014-07-10,2014-08-08,0.03333333333333333,363.4,360.0,-0.00031186938176481176
527,DABUR,2014-07-10,2014-08-08,0.03333333333333333,195.0,201.7,0.0011452991452991432
528,ITC,2014-07-10,2014-08-08,0.03333333333333333,227.03333333333333,230.16666666666666,0.0004600401311603767
529,EICHERMOT,2014-07-10,2014-08-08,0.03333333333333333,8228.65,8514.65,0.0011585537522355834
530,SUPREMEIND,2014-07-10,2014-08-08,0.03333333333333333,551.1,624.0,0.004409363091997821
531,INFY,2014-07-10,2014-08-08,0.03333333333333333,414.375,437.5,0.001860231271995978
532,JSWENERGY,2014-08-12,2014-09-10,0.03333333333333333,74.35,78.6,0.0019054023761488456
533,NAVINFLUOR,2014-08-12,2014-09-10,0.03333333333333333,114.6,136.02,0.0062303664921466015
534,J&KBANK,2014-08-12,2014-09-10,0.03333333333333333,157.39000000000001,162.0,0.0009763432661964938
535,RAMCOCEM,2014-08-12,2014-09-10,0.03333333333333333,274.1,341.1,0.008147877903441566
536,JPASSOCIAT,2014-08-12,2014-09-10,0.03333333333333333,58.9,35.5,-0.013242784380305602
537,IOB,2014-08-12,2014-09-10,0.03333333333333333,65.95,60.4,-0.002805155420773315
538,NAUKRI,2014-08-12,2014-09-10,0.03333333333333333,789.7,909.0,0.005035667553079226
539,L&TFH,2014-08-12,2014-09-10,0.03333333333333333,66.7,70.3,0.0017991004497751096
540,CYIENT,2014-08-12,2014-09-10,0.03333333333333333,391.4,456.15,0.005514392778061659
541,MCLEODRUSS,2014-08-12,2014-09-10,0.03333333333333333,276.0,288.6,0.0015217391304347854
542,OBEROIRLTY,2014-08-12,2014-09-10,0.03333333333333333,243.2,249.0,0.0007949561403508788
543,GMDCLTD,2014-08-12,2014-09-10,0.03333333333333333,147.1,141.0,-0.0013822796283707217
544,AMARAJABAT,2014-08-12,2014-09-10,0.03333333333333333,530.15,592.0,0.0038888364928165
545,CENTURYTEX,2014-08-12,2014-09-10,0.03333333333333333,234.1,253.94,0.0028250035597323087
546,HINDUNILVR,2014-08-12,2014-09-10,0.03333333333333333,702.9,749.4,0.002205150092474036
547,JUSTDIAL,2014-08-12,2014-09-10,0.03333333333333333,1788.0,1715.0,-0.001360924683072334
548,BRITANNIA,2014-08-12,2014-09-10,0.03333333333333333,580.0,640.0,0.0034482758620689655
549,BAJAJFINSV,2014-08-12,2014-09-10,0.03333333333333333,931.05,1098.15,0.005982492884377858
550,OFSS,2014-08-12,2014-09-10,0.03333333333333333,3442.0,3581.0,0.001346116598876622
551,TORNTPHARM,2014-08-12,2014-09-10,0.03333333333333333,750.0,864.0,0.005066666666666666
552,BHARTIARTL,2014-08-12,2014-09-10,0.03333333333333333,379.5,406.95,0.002411067193675888
553,M&M,2014-08-12,2014-09-10,0.03333333333333333,657.5,699.55,0.0021318124207858023
554,INFY,2014-08-12,2014-09-10,0.03333333333333333,449.875,463.5,0.0010095396869500787
555,IDEA,2014-08-12,2014-09-10,0.03333333333333333,160.0,176.0,0.003333333333333333
556,GESHIP,2014-08-12,2014-09-10,0.03333333333333333,363.3,393.0,0.0027250206440957874
557,MINDTREE,2014-08-12,2014-09-10,0.03333333333333333,502.75,575.0,0.004790319907177192
558,GODREJCP,2014-08-12,2014-09-10,0.03333333333333333,290.15000000000003,365.48333333333335,0.008654527351752922
559,EMAMILTD,2014-08-12,2014-09-10,0.03333333333333333,284.725,345.075,0.007065296923932444
560,AUROPHARMA,2014-08-12,2014-09-10,0.03333333333333333,389.0,436.65,0.004083119108826048
561,MPHASIS,2014-08-12,2014-09-10,0.03333333333333333,423.2,445.75,0.0017761499684940149
562,APOLLOTYRE,2014-09-11,2014-10-10,0.03333333333333333,210.3,213.95,0.0005785385956569943
563,AUROPHARMA,2014-09-11,2014-10-10,0.03333333333333333,440.9,473.4,0.0024570953352990098
564,BHARATFORG,2014-09-11,2014-10-10,0.03333333333333333,438.35,401.35,-0.0028135812326527507
565,BHARTIARTL,2014-09-11,2014-10-10,0.03333333333333333,407.75,400.85,-0.0005640711220110343
566,CADILAHC,2014-09-11,2014-10-10,0.03333333333333333,259.6,268.8,0.001181304571135078
567,CIPLA,2014-09-11,2014-10-10,0.03333333333333333,577.0,590.4,0.0007741190063547069
568,COROMANDEL,2014-09-11,2014-10-10,0.03333333333333333,321.0,292.0,-0.0030114226375908618
569,DIVISLAB,2014-09-11,2014-10-10,0.03333333333333333,837.9,883.5,0.0018140589569161007
570,GESHIP,2014-09-11,2014-10-10,0.03333333333333333,405.3,415.6,0.0008471091372645786
571,GMDCLTD,2014-09-11,2014-10-10,0.03333333333333333,141.5,146.25,0.0011189634864546525
572,INDUSINDBK,2014-09-11,2014-10-10,0.03333333333333333,633.55,622.0,-0.0006076868439744274
573,IOB,2014-09-11,2014-10-10,0.03333333333333333,63.1,57.8,-0.002799788695192818
574,J&KBANK,2014-09-11,2014-10-10,0.03333333333333333,157.4,137.95,-0.004119017365523087
575,JPASSOCIAT,2014-09-11,2014-10-10,0.03333333333333333,36.3,29.25,-0.006473829201101926
576,L&TFH,2014-09-11,2014-10-10,0.03333333333333333,71.1,66.0,-0.0023909985935302368
577,LUPIN,2014-09-11,2014-10-10,0.03333333333333333,1350.0,1332.1,-0.00044197530864197753
578,M&MFIN,2014-09-11,2014-10-10,0.03333333333333333,290.9,280.55,-0.0011859745617050495
579,MCLEODRUSS,2014-09-11,2014-10-10,0.03333333333333333,291.0,277.15,-0.0015864833906071045
580,MINDTREE,2014-09-11,2014-10-10,0.03333333333333333,576.975,520.0,-0.00329159264555079
581,MRF,2014-09-11,2014-10-10,0.03333333333333333,31200.0,31950.0,0.0008012820512820513
582,OBEROIRLTY,2014-09-11,2014-10-10,0.03333333333333333,250.1,218.7,-0.004184992669598828
583,RAMCOCEM,2014-09-11,2014-10-10,0.03333333333333333,348.5,307.0,-0.0039693926351028214
584,RAMCOCEM,2014-09-11,2014-10-10,0.03333333333333333,348.5,307.0,-0.0039693926351028214
585,SHREECEM,2014-09-11,2014-10-10,0.03333333333333333,8659.55,8325.0,-0.0012877882414983046
586,SUPREMEIND,2014-09-11,2014-10-10,0.03333333333333333,653.0,639.0,-0.0007146503318019398
587,TORNTPOWER,2014-09-11,2014-10-10,0.03333333333333333,167.7,136.35,-0.006231365533691114
588,VOLTAS,2014-09-11,2014-10-10,0.03333333333333333,267.55,234.95,-0.004061546128449513
589,WOCKPHARMA,2014-09-11,2014-10-10,0.03333333333333333,855.65,780.1,-0.002943181596836711
590,NAVINFLUOR,2014-09-11,2014-10-10,0.03333333333333333,137.55,122.97999999999999,-0.003530837271295291
591,EICHERMOT,2014-09-11,2014-10-10,0.03333333333333333,11100.0,11619.0,0.0015585585585585586
592,APOLLOTYRE,2014-10-14,2014-11-12,0.03333333333333333,223.3,234.75,0.0017092103298999833
593,ASIANPAINT,2014-10-14,2014-11-12,0.03333333333333333,663.9,649.0,-0.0007481046342320619
594,BHARATFORG,2014-10-14,2014-11-12,0.03333333333333333,387.2,455.5,0.005879820936639119
595,CADILAHC,2014-10-14,2014-11-12,0.03333333333333333,268.0,319.4,0.006393034825870643
596,CASTROLIND,2014-10-14,2014-11-12,0.03333333333333333,216.5,209.0,-0.0011547344110854503
597,COLPAL,2014-10-14,2014-11-12,0.03333333333333333,847.625,928.5,0.00318045519343263
598,COROMANDEL,2014-10-14,2014-11-12,0.03333333333333333,291.0,323.05,0.003671248568155786
599,GESHIP,2014-10-14,2014-11-12,0.03333333333333333,409.45,400.0,-0.0007693247038710456
600,GESHIP,2014-10-14,2014-11-12,0.03333333333333333,409.45,400.0,-0.0007693247038710456
601,GLAXO,2014-10-14,2014-11-12,0.03333333333333333,1370.5,1383.025,0.00030463334549434733
602,GMDCLTD,2014-10-14,2014-11-12,0.03333333333333333,159.0,151.1,-0.0016561844863731668
603,GODREJCP,2014-10-14,2014-11-12,0.03333333333333333,315.0,321.1166666666667,0.0006472663139329815
604,HCLTECH,2014-10-14,2014-11-12,0.03333333333333333,866.35,809.9,-0.002171947442334701
605,HINDPETRO,2014-10-14,2014-11-12,0.03333333333333333,113.30000000000001,129.11111111111111,0.004651694942957076
606,INDHOTEL,2014-10-14,2014-11-12,0.03333333333333333,96.9,107.0,0.0034743722050223575
607,KPIT,2014-10-14,2014-11-12,0.03333333333333333,95.68862275449104,98.65269461077845,0.0010325406758448035
608,LUPIN,2014-10-14,2014-11-12,0.03333333333333333,1333.1,1437.35,0.002606706173580377
609,MCLEODRUSS,2014-10-14,2014-11-12,0.03333333333333333,269.25,249.9,-0.0023955431754874644
610,MRF,2014-10-14,2014-11-12,0.03333333333333333,31899.0,32675.0,0.0008108927134601921
611,NAUKRI,2014-10-14,2014-11-12,0.03333333333333333,894.0,945.0,0.001901565995525727
612,OFSS,2014-10-14,2014-11-12,0.03333333333333333,3274.45,3318.0,0.00044333145006540724
613,PAGEIND,2014-10-14,2014-11-12,0.03333333333333333,9671.0,9700.0,9.995519249991384e-05
614,PERSISTENT,2014-10-14,2014-11-12,0.03333333333333333,724.0,645.625,-0.0036084254143646404
615,RAMCOCEM,2014-10-14,2014-11-12,0.03333333333333333,307.7,342.2,0.003737406564835879
616,REPCOHOME,2014-10-14,2014-11-12,0.03333333333333333,460.0,543.85,0.006076086956521741
617,STAR,2014-10-14,2014-11-12,0.03333333333333333,791.0,686.6,-0.004399494310998735
618,TATACOMM,2014-10-14,2014-11-12,0.03333333333333333,250.66666666666666,293.23333333333335,0.005660460992907805
619,WOCKPHARMA,2014-10-14,2014-11-12,0.03333333333333333,775.1,825.1,0.0021502601814819594
620,ZEEL,2014-10-14,2014-11-12,0.03333333333333333,315.7,374.95,0.006255939182768451
621,INFY,2014-10-14,2014-11-12,0.03333333333333333,495.625,515.125,0.0013114754098360656
622,LUPIN,2014-11-18,2014-12-17,0.03333333333333333,1448.0,1416.8,-0.0007182320441988961
623,LICHSGFIN,2014-11-18,2014-12-17,0.03333333333333333,422.0,396.0,-0.0020537124802527647
624,RECLTD,2014-11-18,2014-12-17,0.03333333333333333,168.95,146.85,-0.00436026437802111
625,COROMANDEL,2014-11-18,2014-12-17,0.03333333333333333,323.0,304.0,-0.00196078431372549
626,DCBBANK,2014-11-18,2014-12-17,0.03333333333333333,105.75,104.0,-0.0005516154452324665
627,REPCOHOME,2014-11-18,2014-12-17,0.03333333333333333,574.0,615.85,0.0024303135888501756
628,BOSCHLTD,2014-11-18,2014-12-17,0.03333333333333333,17100.0,18784.55,0.00328372319688109
629,CUMMINSIND,2014-11-18,2014-12-17,0.03333333333333333,853.05,859.1,0.00023640661938534546
630,BANKBARODA,2014-11-18,2014-12-17,0.03333333333333333,211.42,200.0,-0.0018005234446441505
631,RAMCOCEM,2014-11-18,2014-12-17,0.03333333333333333,351.15,306.4,-0.004247947221035645
632,BAJFINANCE,2014-11-18,2014-12-17,0.03333333333333333,325.1,317.8,-0.0007484876448272338
633,THERMAX,2014-11-18,2014-12-17,0.03333333333333333,1069.0,960.1,-0.0033956969130028054
634,SBIN,2014-11-18,2014-12-17,0.03333333333333333,295.695,294.4,-0.00014598375578439676
635,AIAENG,2014-11-18,2014-12-17,0.03333333333333333,1116.85,1021.5,-0.0028458014355851997
636,INDIANB,2014-11-18,2014-12-17,0.03333333333333333,184.0,184.0,0.0
637,WOCKPHARMA,2014-11-18,2014-12-17,0.03333333333333333,775.1,968.6,0.008321506902335183
638,EICHERMOT,2014-11-18,2014-12-17,0.03333333333333333,13879.0,13975.25,0.0002311645891875015
639,TATACOMM,2014-11-18,2014-12-17,0.03333333333333333,296.0,278.0,-0.002027027027027027
640,BRITANNIA,2014-11-18,2014-12-17,0.03333333333333333,827.5,861.5,0.0013695871097683786
641,ZEEL,2014-11-18,2014-12-17,0.03333333333333333,380.0,365.15,-0.0013026315789473704
642,PTC,2014-11-18,2014-12-17,0.03333333333333333,101.0,85.7,-0.005049504950495049
643,VOLTAS,2014-11-18,2014-12-17,0.03333333333333333,280.0,247.0,-0.003928571428571429
644,KTKBANK,2014-11-18,2014-12-17,0.03333333333333333,139.7,135.35,-0.0010379384395132413
645,PFC,2014-11-18,2014-12-17,0.03333333333333333,151.85,132.9,-0.0041598068269125205
646,AXISBANK,2014-11-18,2014-12-17,0.03333333333333333,475.85,468.35,-0.0005253756435851634
647,SRTRANSFIN,2014-11-18,2014-12-17,0.03333333333333333,1056.0,1073.7,0.0005587121212121226
648,IBREALEST,2014-11-18,2014-12-17,0.03333333333333333,84.9,65.5,-0.0076168040832351805
649,GESHIP,2014-11-18,2014-12-17,0.03333333333333333,402.0,354.1,-0.003971807628524044
650,BAJAJ-AUTO,2014-11-18,2014-12-17,0.03333333333333333,2660.0,2485.15,-0.0021911027568922293
651,DHFL,2014-11-18,2014-12-17,0.03333333333333333,212.375,204.75,-0.0011967824210319794
652,ADANIENT,2014-12-15,2015-01-12,0.03333333333333333,75.86206896551724,88.04310344827586,0.005352272727272727
653,ANDHRABANK,2014-12-15,2015-01-12,0.03333333333333333,87.3,91.5,0.0016036655211912956
654,ASIANPAINT,2014-12-15,2015-01-12,0.03333333333333333,770.0,813.05,0.0018636363636363616
655,BAJFINANCE,2014-12-15,2015-01-12,0.03333333333333333,330.0,345.005,0.0015156565656565652
656,BHARATFIN,2014-12-15,2015-01-12,0.03333333333333333,377.5,431.65,0.004781456953642382
657,BOSCHLTD,2014-12-15,2015-01-12,0.03333333333333333,19404.5,19730.0,0.0005591486510860882
658,COALINDIA,2014-12-15,2015-01-12,0.03333333333333333,362.0,374.9,0.0011878453038674012
659,GESHIP,2014-12-15,2015-01-12,0.03333333333333333,385.5,353.7,-0.0027496757457846958
660,GLAXO,2014-12-15,2015-01-12,0.03333333333333333,1554.5,1601.45,0.0010067545834673538
661,INDHOTEL,2014-12-15,2015-01-12,0.03333333333333333,116.0,119.8,0.0010919540229885048
662,INFRATEL,2014-12-15,2015-01-12,0.03333333333333333,336.7,338.2,0.00014850014850014852
663,IPCALAB,2014-12-15,2015-01-12,0.03333333333333333,734.9,744.7,0.000444504921304489
664,ITC,2014-12-15,2015-01-12,0.03333333333333333,263.3333333333333,238.29999999999998,-0.0031687763713080168
665,J&KBANK,2014-12-15,2015-01-12,0.03333333333333333,146.3,148.0,0.0003873319662793321
666,KOTAKBANK,2014-12-15,2015-01-12,0.03333333333333333,621.0,680.475,0.0031924315619967806
667,KPIT,2014-12-15,2015-01-12,0.03333333333333333,114.61077844311379,120.80838323353294,0.0018025078369905917
668,LUPIN,2014-12-15,2015-01-12,0.03333333333333333,1452.0,1422.65,-0.0006737832874196489
669,MCLEODRUSS,2014-12-15,2015-01-12,0.03333333333333333,231.0,222.15,-0.0012770562770562763
670,MRF,2014-12-15,2015-01-12,0.03333333333333333,37400.0,37799.0,0.0003556149732620321
671,OFSS,2014-12-15,2015-01-12,0.03333333333333333,3256.4,3299.95,0.0004457888056340307
672,PAGEIND,2014-12-15,2015-01-12,0.03333333333333333,10650.6,11139.65,0.0015305866962111656
673,PNB,2014-12-15,2015-01-12,0.03333333333333333,217.6,206.5,-0.0017003676470588227
674,RAMCOCEM,2014-12-15,2015-01-12,0.03333333333333333,314.05,325.0,0.0011622353128482713
675,REPCOHOME,2014-12-15,2015-01-12,0.03333333333333333,581.0,694.5,0.006511761331038439
676,REPCOHOME,2014-12-15,2015-01-12,0.03333333333333333,581.0,694.5,0.006511761331038439
677,STAR,2014-12-15,2015-01-12,0.03333333333333333,918.0,930.0,0.0004357298474945534
678,TATACOMM,2014-12-15,2015-01-12,0.03333333333333333,287.26666666666665,283.3333333333333,-0.0004564090662953513
679,WOCKPHARMA,2014-12-15,2015-01-12,0.03333333333333333,1051.5,1082.1,0.0009700427960057031
680,WOCKPHARMA,2014-12-15,2015-01-12,0.03333333333333333,1051.5,1082.1,0.0009700427960057031
681,BEL,2014-12-15,2015-01-12,0.03333333333333333,92.8,107.29666666666667,0.0052071360153256715
682,ANDHRABANK,2015-01-14,2015-02-12,0.03333333333333333,91.3,86.65,-0.001697699890470972
683,ASIANPAINT,2015-01-14,2015-02-12,0.03333333333333333,840.0,847.0,0.0002777777777777778
684,BATAINDIA,2015-01-14,2015-02-12,0.03333333333333333,698.25,626.5,-0.0034252297410192144
685,BHARATFIN,2015-01-14,2015-02-12,0.03333333333333333,462.25,425.0,-0.00268613665044168
686,BHARATFIN,2015-01-14,2015-02-12,0.03333333333333333,462.25,425.0,-0.00268613665044168
687,COLPAL,2015-01-14,2015-02-12,0.03333333333333333,973.0,934.95,-0.0013035286056868774
688,EMAMILTD,2015-01-14,2015-02-12,0.03333333333333333,430.35,507.0,0.005937028000464736
689,GESHIP,2015-01-14,2015-02-12,0.03333333333333333,353.0,356.8,0.00035882908404154967
690,GODREJCP,2015-01-14,2015-02-12,0.03333333333333333,364.6666666666667,376.6666666666667,0.0010968921389396709
691,GPPL,2015-01-14,2015-02-12,0.03333333333333333,218.0,215.0,-0.00045871559633027525
692,GSPL,2015-01-14,2015-02-12,0.03333333333333333,126.0,120.1,-0.0015608465608465624
693,HINDUNILVR,2015-01-14,2015-02-12,0.03333333333333333,888.8,905.0,0.0006075607560756093
694,INDHOTEL,2015-01-14,2015-02-12,0.03333333333333333,118.2,117.35,-0.00023970671178793245
695,INDUSINDBK,2015-01-14,2015-02-12,0.03333333333333333,831.7,857.9,0.0010500581139032475
696,JUSTDIAL,2015-01-14,2015-02-12,0.03333333333333333,1553.95,1408.0,-0.0031307313620129356
697,KOTAKBANK,2015-01-14,2015-02-12,0.03333333333333333,697.05,651.0,-0.002202137579800586
698,LUPIN,2015-01-14,2015-02-12,0.03333333333333333,1431.0,1600.0,0.003936641043559282
699,MCLEODRUSS,2015-01-14,2015-02-12,0.03333333333333333,216.55,213.0,-0.0005464480874316957
700,MINDTREE,2015-01-14,2015-02-12,0.03333333333333333,671.95,697.0,0.0012426519830344496
701,PERSISTENT,2015-01-14,2015-02-12,0.03333333333333333,912.5,833.5,-0.0028858447488584473
702,RAMCOCEM,2015-01-14,2015-02-12,0.03333333333333333,329.4,334.85,0.000551507791944955
703,REPCOHOME,2015-01-14,2015-02-12,0.03333333333333333,691.0,659.0,-0.0015436565364206464
704,TATACOMM,2015-01-14,2015-02-12,0.03333333333333333,282.96666666666664,266.0,-0.001998664938940587
705,TECHM,2015-01-14,2015-02-12,0.03333333333333333,552.8,572.0,0.0011577424023154876
706,TVSMOTOR,2015-01-14,2015-02-12,0.03333333333333333,309.0,304.7,-0.00046386192017260097
707,UBL,2015-01-14,2015-02-12,0.03333333333333333,927.15,966.5,0.0014147297273005095
708,ULTRACEMCO,2015-01-14,2015-02-12,0.03333333333333333,2829.0,3007.0,0.002097325321079298
709,WOCKPHARMA,2015-01-14,2015-02-12,0.03333333333333333,1073.0,1438.0,0.01133892513202858
710,BEL,2015-01-14,2015-02-12,0.03333333333333333,110.83333333333333,117.26666666666668,0.001934837092731835
711,INFY,2015-01-14,2015-02-12,0.03333333333333333,524.625,570.75,0.0029306647605432455
712,ABB,2015-02-13,2015-03-16,0.03333333333333333,1362.0,1323.0,-0.0009544787077826726
713,ACC,2015-02-13,2015-03-16,0.03333333333333333,1608.0,1621.0,0.000269485903814262
714,ADANIENT,2015-02-13,2015-03-16,0.03333333333333333,118.51724137931035,109.48275862068967,-0.002540975657065268
715,ADANIENT,2015-02-13,2015-03-16,0.03333333333333333,118.51724137931035,109.48275862068967,-0.002540975657065268
716,AMBUJACEM,2015-02-13,2015-03-16,0.03333333333333333,261.8,257.9,-0.0004965622612681479
717,BAJAJFINSV,2015-02-13,2015-03-16,0.03333333333333333,1499.05,1504.7,0.00012563512446772047
718,BHARATFIN,2015-02-13,2015-03-16,0.03333333333333333,435.0,429.9,-0.0003908045977011512
719,BHARATFIN,2015-02-13,2015-03-16,0.03333333333333333,435.0,429.9,-0.0003908045977011512
720,BHARATFORG,2015-02-13,2015-03-16,0.03333333333333333,591.5,648.8,0.0032290786136939956
721,BOSCHLTD,2015-02-13,2015-03-16,0.03333333333333333,25699.0,26799.0,0.001426774063841654
722,CESC,2015-02-13,2015-03-16,0.03333333333333333,694.6,593.9,-0.004832517516076401
723,EMAMILTD,2015-02-13,2015-03-16,0.03333333333333333,505.5,535.0,0.0019452687108473458
724,HCLTECH,2015-02-13,2015-03-16,0.03333333333333333,995.0,1010.0,0.0005025125628140704
725,HDIL,2015-02-13,2015-03-16,0.03333333333333333,114.2,111.5,-0.0007880910683012267
726,JUBLFOOD,2015-02-13,2015-03-16,0.03333333333333333,812.5,792.0,-0.000841025641025641
727,KSCL,2015-02-13,2015-03-16,0.03333333333333333,881.1,929.95,0.001848068702001287
728,LUPIN,2015-02-13,2015-03-16,0.03333333333333333,1683.0,1880.0,0.0039017627252921367
729,MINDTREE,2015-02-13,2015-03-16,0.03333333333333333,716.75,689.0,-0.0012905476107429369
730,POWERGRID,2015-02-13,2015-03-16,0.03333333333333333,151.75,145.55,-0.0013618890719384927
731,SHREECEM,2015-02-13,2015-03-16,0.03333333333333333,11045.0,10720.0,-0.0009808359740455712
732,SIEMENS,2015-02-13,2015-03-16,0.03333333333333333,1195.0,1442.1,0.006892608089260806
733,SRTRANSFIN,2015-02-13,2015-03-16,0.03333333333333333,1219.85,1192.0,-0.0007610225300924953
734,SUNTV,2015-02-13,2015-03-16,0.03333333333333333,433.9,419.0,-0.0011446569870169762
735,TATACHEM,2015-02-13,2015-03-16,0.03333333333333333,472.9,437.2,-0.002516388242757453
736,TATACOMM,2015-02-13,2015-03-16,0.03333333333333333,279.3,282.2,0.00034610335362214784
737,UPL,2015-02-13,2015-03-16,0.03333333333333333,295.09999999999997,275.46666666666664,-0.0022177039798185164
738,WIPRO,2015-02-13,2015-03-16,0.03333333333333333,243.60902255639095,241.05263157894737,-0.0003497942386831242
739,WOCKPHARMA,2015-02-13,2015-03-16,0.03333333333333333,1508.0,1797.4,0.006396993810786917
740,BEL,2015-02-13,2015-03-16,0.03333333333333333,123.83500000000001,111.33333333333333,-0.00336514089088079
741,INFY,2015-02-13,2015-03-16,0.03333333333333333,574.9,552.6375,-0.0012908041978315031
742,ADANIENT,2015-03-17,2015-04-15,0.03333333333333333,110.90517241379311,114.44827586206897,0.001064904780411969
743,AIAENG,2015-03-17,2015-04-15,0.03333333333333333,1295.0,1225.0,-0.0018018018018018018
744,APLLTD,2015-03-17,2015-04-15,0.03333333333333333,452.0,495.9,0.003237463126843656
745,APOLLOHOSP,2015-03-17,2015-04-15,0.03333333333333333,1431.0,1406.7,-0.0005660377358490555
746,AUROPHARMA,2015-03-17,2015-04-15,0.03333333333333333,593.5,680.5,0.004886267902274642
747,BHARATFIN,2015-03-17,2015-04-15,0.03333333333333333,442.45,507.5,0.00490074208008438
748,BHARATFIN,2015-03-17,2015-04-15,0.03333333333333333,442.45,507.5,0.00490074208008438
749,BHARTIARTL,2015-03-17,2015-04-15,0.03333333333333333,392.2,425.0,0.002787693353731091
750,BOSCHLTD,2015-03-17,2015-04-15,0.03333333333333333,26335.05,26796.95,0.0005846454313421359
751,CADILAHC,2015-03-17,2015-04-15,0.03333333333333333,318.12,357.4,0.004115847269374237
752,CENTURYTEX,2015-03-17,2015-04-15,0.03333333333333333,240.6,312.24,0.009925187032418955
753,CESC,2015-03-17,2015-04-15,0.03333333333333333,593.0,610.0,0.0009555930297920179
754,DIVISLAB,2015-03-17,2015-04-15,0.03333333333333333,891.45,965.05,0.0027520705965935616
755,DLF,2015-03-17,2015-04-15,0.03333333333333333,165.35,157.4,-0.0016026610220743855
756,GLAXO,2015-03-17,2015-04-15,0.03333333333333333,1649.5,1687.5,0.0007679094675154087
757,GPPL,2015-03-17,2015-04-15,0.03333333333333333,245.05,247.1,0.0002788546555124781
758,HAVELLS,2015-03-17,2015-04-15,0.03333333333333333,296.9,295.2,-0.00019086112046704713
759,IDEA,2015-03-17,2015-04-15,0.03333333333333333,174.5,202.0,0.0052531041069723014
760,IPCALAB,2015-03-17,2015-04-15,0.03333333333333333,740.1,670.1,-0.0031527271089492413
761,LUPIN,2015-03-17,2015-04-15,0.03333333333333333,1874.8,1994.5,0.0021282270108811613
762,MCLEODRUSS,2015-03-17,2015-04-15,0.03333333333333333,245.05,255.95,0.0014826906073590392
763,PAGEIND,2015-03-17,2015-04-15,0.03333333333333333,13500.0,13750.0,0.000617283950617284
764,PIDILITIND,2015-03-17,2015-04-15,0.03333333333333333,620.0,594.0,-0.0013978494623655914
765,STAR,2015-03-17,2015-04-15,0.03333333333333333,1103.9,1205.0,0.0030528127547785095
766,SUNPHARMA,2015-03-17,2015-04-15,0.03333333333333333,1033.0,1161.4,0.004143272023233304
767,TATACOMM,2015-03-17,2015-04-15,0.03333333333333333,285.93333333333334,307.3333333333333,0.002494754021916528
768,WABAG,2015-03-17,2015-04-15,0.03333333333333333,898.25,787.0,-0.004128397810557566
769,WOCKPHARMA,2015-03-17,2015-04-15,0.03333333333333333,1919.0,1856.0,-0.0010943199583116207
770,NAVINFLUOR,2015-03-17,2015-04-15,0.03333333333333333,164.76,182.4,0.0035688273852876947
771,CONCOR,2015-03-17,2015-04-15,0.03333333333333333,834.975,844.0,0.0003602902282503459
772,AIAENG,2015-04-17,2015-05-18,0.03333333333333333,1225.0,1183.0,-0.0011428571428571427
773,AMTEKAUTO,2015-04-17,2015-05-18,0.03333333333333333,168.5,146.1,-0.004431256181998022
774,APLLTD,2015-04-17,2015-05-18,0.03333333333333333,482.5,494.5,0.0008290155440414508
775,APOLLOTYRE,2015-04-17,2015-05-18,0.03333333333333333,191.2,173.3,-0.0031206415620641526
776,AUROPHARMA,2015-04-17,2015-05-18,0.03333333333333333,712.0,677.5,-0.0016151685393258426
777,BAJFINANCE,2015-04-17,2015-05-18,0.03333333333333333,457.995,450.0,-0.000581884081703949
778,BANKINDIA,2015-04-17,2015-05-18,0.03333333333333333,225.0,209.7,-0.002266666666666668
779,CARERATING,2015-04-17,2015-05-18,0.03333333333333333,1700.0,1518.0,-0.003568627450980392
780,CENTURYTEX,2015-04-17,2015-05-18,0.03333333333333333,305.2,251.76,-0.005836609873307121
781,CENTURYTEX,2015-04-17,2015-05-18,0.03333333333333333,305.2,251.76,-0.005836609873307121
782,CRISIL,2015-04-17,2015-05-18,0.03333333333333333,2357.0,2080.0,-0.003917409135907227
783,DCBBANK,2015-04-17,2015-05-18,0.03333333333333333,120.5,125.35,0.0013416320885200539
784,GODREJIND,2015-04-17,2015-05-18,0.03333333333333333,374.6,360.0,-0.0012991635522334954
785,GSKCONS,2015-04-17,2015-05-18,0.03333333333333333,6406.0,6355.05,-0.0002651160370485993
786,IDEA,2015-04-17,2015-05-18,0.03333333333333333,203.0,174.7,-0.004646962233169132
787,MARICO,2015-04-17,2015-05-18,0.03333333333333333,213.375,202.325,-0.0017262253466119918
788,MCLEODRUSS,2015-04-17,2015-05-18,0.03333333333333333,260.0,246.15,-0.0017756410256410248
789,NMDC,2015-04-17,2015-05-18,0.03333333333333333,135.0,131.85,-0.0007777777777777791
790,OIL,2015-04-17,2015-05-18,0.03333333333333333,258.1453634085213,250.1002506265664,-0.0010388349514563104
791,ONGC,2015-04-17,2015-05-18,0.03333333333333333,219.66666666666666,213.53333333333333,-0.000930703085483054
792,PEL,2015-04-17,2015-05-18,0.03333333333333333,976.25,1009.0,0.0011182244985061885
793,PETRONET,2015-04-17,2015-05-18,0.03333333333333333,93.05,87.5,-0.00198817839871037
794,RELIANCE,2015-04-17,2015-05-18,0.03333333333333333,467.525,437.45,-0.0021442703598738024
795,SAIL,2015-04-17,2015-05-18,0.03333333333333333,75.9,67.1,-0.003864734299516913
796,SBIN,2015-04-17,2015-05-18,0.03333333333333333,291.0,289.9,-0.00012600229095074717
797,TATACOMM,2015-04-17,2015-05-18,0.03333333333333333,320.59999999999997,289.53333333333336,-0.003230054758439032
798,TORNTPHARM,2015-04-17,2015-05-18,0.03333333333333333,1301.0,1182.6,-0.0030335639251857565
799,UBL,2015-04-17,2015-05-18,0.03333333333333333,1177.0,952.0,-0.006372132540356839
800,NAVINFLUOR,2015-04-17,2015-05-18,0.03333333333333333,184.06,164.0,-0.003632873338404144
801,BRITANNIA,2015-04-17,2015-05-18,0.03333333333333333,1164.0,1137.0,-0.0007731958762886599
802,ADANIENT,2015-05-18,2015-06-15,0.03333333333333333,126.74137931034484,93.95,-0.008624223461660547
803,ADANIENT,2015-05-18,2015-06-15,0.03333333333333333,126.74137931034484,93.95,-0.008624223461660547
804,AIAENG,2015-05-18,2015-06-15,0.03333333333333333,1183.0,975.0,-0.005860805860805861
805,APLLTD,2015-05-18,2015-06-15,0.03333333333333333,494.5,562.0,0.00455005055611729
806,ASIANPAINT,2015-05-18,2015-06-15,0.03333333333333333,796.85,714.75,-0.0034343561105185006
807,BAJAJ-AUTO,2015-05-18,2015-06-15,0.03333333333333333,2192.0,2286.3,0.0014340024330900271
808,BAJFINANCE,2015-05-18,2015-06-15,0.03333333333333333,450.0,468.125,0.0013425925925925925
809,CENTURYTEX,2015-05-18,2015-06-15,0.03333333333333333,251.76,242.4,-0.0012392755004766425
810,DCBBANK,2015-05-18,2015-06-15,0.03333333333333333,125.35,123.55,-0.0004786597526924604
811,EMAMILTD,2015-05-18,2015-06-15,0.03333333333333333,513.05,539.5,0.0017184809797615597
812,HEROMOTOCO,2015-05-18,2015-06-15,0.03333333333333333,2518.0,2495.0,-0.0003044744506221869
813,INFRATEL,2015-05-18,2015-06-15,0.03333333333333333,417.8,441.7,0.001906813467368755
814,IPCALAB,2015-05-18,2015-06-15,0.03333333333333333,668.8,644.0,-0.0012360446570972865
815,J&KBANK,2015-05-18,2015-06-15,0.03333333333333333,102.3,111.0,0.0028347996089931582
816,JUBLFOOD,2015-05-18,2015-06-15,0.03333333333333333,876.5,865.0,-0.0004373455029473284
817,M&M,2015-05-18,2015-06-15,0.03333333333333333,622.475,597.5,-0.001337403108558578
818,MINDTREE,2015-05-18,2015-06-15,0.03333333333333333,698.7,649.55,-0.002344830876389489
819,OFSS,2015-05-18,2015-06-15,0.03333333333333333,3570.0,3610.0,0.00037348272642390287
820,OIL,2015-05-18,2015-06-15,0.03333333333333333,250.1002506265664,233.58395989974937,-0.0022012893743528065
821,PEL,2015-05-18,2015-06-15,0.03333333333333333,1009.0,932.0,-0.002543772712256359
822,PERSISTENT,2015-05-18,2015-06-15,0.03333333333333333,775.0,727.05,-0.0020623655913978517
823,PIDILITIND,2015-05-18,2015-06-15,0.03333333333333333,594.6,531.35,-0.00354580109877789
824,SAIL,2015-05-18,2015-06-15,0.03333333333333333,67.1,60.5,-0.0032786885245901613
825,SBIN,2015-05-18,2015-06-15,0.03333333333333333,289.9,255.0,-0.004012878003909392
826,SHREECEM,2015-05-18,2015-06-15,0.03333333333333333,11800.0,10600.0,-0.003389830508474576
827,SYNDIBANK,2015-05-18,2015-06-15,0.03333333333333333,110.4,107.1,-0.0009963768115942063
828,UNIONBANK,2015-05-18,2015-06-15,0.03333333333333333,165.0,145.65,-0.003909090909090908
829,UPL,2015-05-18,2015-06-15,0.03333333333333333,347.6333333333334,350.93333333333334,0.0003164253523827744
830,CONCOR,2015-05-18,2015-06-15,0.03333333333333333,890.0,875.5,-0.0005430711610486891
831,EICHERMOT,2015-05-18,2015-06-15,0.03333333333333333,18724.3,17735.0,-0.0017611695319273161
832,ADANIENT,2015-06-15,2015-07-13,0.03333333333333333,93.95,90.0,-0.001401454674472238
833,ADANIENT,2015-06-15,2015-07-13,0.03333333333333333,93.95,90.0,-0.001401454674472238
834,AIAENG,2015-06-15,2015-07-13,0.03333333333333333,975.0,1000.0,0.0008547008547008547
835,APLLTD,2015-06-15,2015-07-13,0.03333333333333333,562.0,764.8,0.012028469750889677
836,ASIANPAINT,2015-06-15,2015-07-13,0.03333333333333333,714.75,805.2,0.0042182581322140625
837,BAJAJ-AUTO,2015-06-15,2015-07-13,0.03333333333333333,2286.3,2480.0,0.002824067999241858
838,BAJFINANCE,2015-06-15,2015-07-13,0.03333333333333333,468.125,505.0,0.00262572318647085
839,BHARTIARTL,2015-06-15,2015-07-13,0.03333333333333333,417.8,422.0,0.0003350885591191949
840,BHEL,2015-06-15,2015-07-13,0.03333333333333333,165.66666666666666,179.1,0.002702883970489605
841,BIOCON,2015-06-15,2015-07-13,0.03333333333333333,74.16666666666667,77.675,0.001576779026217225
842,BPCL,2015-06-15,2015-07-13,0.03333333333333333,279.3333333333333,295.01666666666665,0.0018715194908512337
843,CENTURYTEX,2015-06-15,2015-07-13,0.03333333333333333,242.4,286.2,0.006023102310231021
844,COALINDIA,2015-06-15,2015-07-13,0.03333333333333333,397.85,421.95,0.002019186460558834
845,GAIL,2015-06-15,2015-07-13,0.03333333333333333,111.65130872293516,102.5496071004579,-0.002717299578059073
846,GLENMARK,2015-06-15,2015-07-13,0.03333333333333333,890.0,1041.1,0.005659176029962543
847,GLENMARK,2015-06-15,2015-07-13,0.03333333333333333,890.0,1041.1,0.005659176029962543
848,HINDPETRO,2015-06-15,2015-07-13,0.03333333333333333,153.83333333333334,180.11111111111111,0.005693993017936678
849,J&KBANK,2015-06-15,2015-07-13,0.03333333333333333,111.0,102.0,-0.0027027027027027024
850,J&KBANK,2015-06-15,2015-07-13,0.03333333333333333,111.0,102.0,-0.0027027027027027024
851,JUBLFOOD,2015-06-15,2015-07-13,0.03333333333333333,865.0,937.0,0.0027745664739884392
852,NAUKRI,2015-06-15,2015-07-13,0.03333333333333333,829.9,849.25,0.000777202072538861
853,OFSS,2015-06-15,2015-07-13,0.03333333333333333,3610.0,3840.0,0.0021237303785780243
854,POWERGRID,2015-06-15,2015-07-13,0.03333333333333333,145.0,138.4,-0.0015172413793103435
855,RAYMOND,2015-06-15,2015-07-13,0.03333333333333333,452.0,498.0,0.003392330383480826
856,SAIL,2015-06-15,2015-07-13,0.03333333333333333,60.5,59.6,-0.0004958677685950406
857,SANOFI,2015-06-15,2015-07-13,0.03333333333333333,3345.6,3545.0,0.001986688984536905
858,TORNTPHARM,2015-06-15,2015-07-13,0.03333333333333333,1290.0,1332.0,0.0010852713178294573
859,VOLTAS,2015-06-15,2015-07-13,0.03333333333333333,330.25,312.9,-0.0017511985869290963
860,ZEEL,2015-06-15,2015-07-13,0.03333333333333333,334.0,364.7,0.003063872255489021
861,BRITANNIA,2015-06-15,2015-07-13,0.03333333333333333,1314.875,1419.5,0.0026523433786481603
862,APLLTD,2015-07-14,2015-08-12,0.03333333333333333,763.3,661.0,-0.004467443993187474
863,AIAENG,2015-07-14,2015-08-12,0.03333333333333333,1001.05,997.8,-0.00010821970264555551
864,DCBBANK,2015-07-14,2015-08-12,0.03333333333333333,148.0,137.0,-0.0024774774774774773
865,BATAINDIA,2015-07-14,2015-08-12,0.03333333333333333,594.5,589.5,-0.0002803476310625175
866,DRREDDY,2015-07-14,2015-08-12,0.03333333333333333,3799.95,4228.2,0.0037566283766891674
867,GLENMARK,2015-07-14,2015-08-12,0.03333333333333333,1039.5,1043.25,0.00012025012025012025
868,INDUSINDBK,2015-07-14,2015-08-12,0.03333333333333333,933.0,946.9,0.0004966059306895311
869,HINDPETRO,2015-07-14,2015-08-12,0.03333333333333333,182.88888888888889,212.2222222222222,0.005346294046172536
870,TATACOMM,2015-07-14,2015-08-12,0.03333333333333333,311.3333333333333,292.43333333333334,-0.0020235546038543874
871,ULTRACEMCO,2015-07-14,2015-08-12,0.03333333333333333,3150.1,3147.1,-3.17450239674931e-05
872,REPCOHOME,2015-07-14,2015-08-12,0.03333333333333333,693.0,745.85,0.002542087542087543
873,AMBUJACEM,2015-07-14,2015-08-12,0.03333333333333333,248.4,222.05,-0.0035359634997316146
874,IOC,2015-07-14,2015-08-12,0.03333333333333333,106.1,105.8625,-7.461514294690455e-05
875,EICHERMOT,2015-07-14,2015-08-12,0.03333333333333333,21194.95,20080.1,-0.0017533264606270239
876,SUNPHARMA,2015-07-14,2015-08-12,0.03333333333333333,915.4,847.95,-0.002456121185638334
877,GODREJIND,2015-07-14,2015-08-12,0.03333333333333333,377.0,393.4,0.001450044208664896
878,BAJAJFINSV,2015-07-14,2015-08-12,0.03333333333333333,1725.0,2005.0,0.005410628019323672
879,AUROPHARMA,2015-07-14,2015-08-12,0.03333333333333333,749.85,763.5,0.0006067880242715199
880,NIITTECH,2015-07-14,2015-08-12,0.03333333333333333,418.65,524.5,0.008427883275608108
881,TVSMOTOR,2015-07-14,2015-08-12,0.03333333333333333,272.35,220.6,-0.006333761703690107
882,FEDERALBNK,2015-07-14,2015-08-12,0.03333333333333333,78.95,67.2,-0.004960945746252903
883,CADILAHC,2015-07-14,2015-08-12,0.03333333333333333,387.77,385.0,-0.00023811365844013908
884,GSPL,2015-07-14,2015-08-12,0.03333333333333333,127.25,133.0,0.0015062213490504256
885,BOSCHLTD,2015-07-14,2015-08-12,0.03333333333333333,23499.0,26513.0,0.004275359235144758
886,MRF,2015-07-14,2015-08-12,0.03333333333333333,35948.85,42000.0,0.005610888804509742
887,DELTACORP,2015-07-14,2015-08-12,0.03333333333333333,79.0,73.05,-0.0025105485232067523
888,GRASIM,2015-07-14,2015-08-12,0.03333333333333333,727.0,741.6,0.0006694176983035315
889,SAIL,2015-07-14,2015-08-12,0.03333333333333333,58.3,58.0,-0.00017152658662092463
890,HDFCBANK,2015-07-14,2015-08-12,0.03333333333333333,547.75,544.2,-0.00021603529590749762
891,DABUR,2015-07-14,2015-08-12,0.03333333333333333,288.1,300.0,0.0013768367465000551
892,TORNTPHARM,2015-08-13,2015-09-11,0.03333333333333333,1530.3,1419.5,-0.002413470125683416
893,DIVISLAB,2015-08-13,2015-09-11,0.03333333333333333,1100.0,1092.775,-0.00021893939393939117
894,BRITANNIA,2015-08-13,2015-09-11,0.03333333333333333,1670.0,1444.35,-0.0045039920159680655
895,ASHOKLEY,2015-08-13,2015-09-11,0.03333333333333333,89.5,88.7,-0.0002979515828677829
896,NIITTECH,2015-08-13,2015-09-11,0.03333333333333333,537.0,456.9,-0.004972067039106146
897,MINDTREE,2015-08-13,2015-09-11,0.03333333333333333,701.0,672.75,-0.001343319067998098
898,PERSISTENT,2015-08-13,2015-09-11,0.03333333333333333,715.15,698.05,-0.0007970355869398039
899,DRREDDY,2015-08-13,2015-09-11,0.03333333333333333,4294.0,4018.0,-0.002142524452724732
900,INFY,2015-08-13,2015-09-11,0.03333333333333333,573.5,545.775,-0.0016114501598372577
901,TECHM,2015-08-13,2015-09-11,0.03333333333333333,557.0,533.0,-0.001436265709156194
902,FEDERALBNK,2015-08-13,2015-09-11,0.03333333333333333,65.45,60.2,-0.00267379679144385
903,MARUTI,2015-08-13,2015-09-11,0.03333333333333333,4477.0,4329.0,-0.0011019283746556475
904,TCS,2015-08-13,2015-09-11,0.03333333333333333,1335.0,1273.25,-0.0015418227215980023
905,DELTACORP,2015-08-13,2015-09-11,0.03333333333333333,68.95,74.05,0.0024655547498187063
906,SAIL,2015-08-13,2015-09-11,0.03333333333333333,58.3,52.9,-0.0030874785591766714
907,IPCALAB,2015-08-13,2015-09-11,0.03333333333333333,771.0,745.5,-0.0011024643320363165
908,CUMMINSIND,2015-08-13,2015-09-11,0.03333333333333333,1139.0,1118.85,-0.0005896985659935643
909,BAJAJFINSV,2015-08-13,2015-09-11,0.03333333333333333,1986.0,1813.1,-0.0029019805303793235
910,OFSS,2015-08-13,2015-09-11,0.03333333333333333,4230.0,3840.0,-0.0030732860520094564
911,WOCKPHARMA,2015-08-13,2015-09-11,0.03333333333333333,1639.7,1328.0,-0.006336524974080625
912,CENTURYTEX,2015-08-13,2015-09-11,0.03333333333333333,269.88,203.6,-0.008186354429128996
913,ADANIENT,2015-08-13,2015-09-11,0.03333333333333333,89.65,70.25,-0.007213236661089423
914,SANOFI,2015-08-13,2015-09-11,0.03333333333333333,4129.95,3979.55,-0.0012138968591225855
915,REDINGTON,2015-08-13,2015-09-11,0.03333333333333333,119.5,107.25,-0.003417015341701534
916,NAVINFLUOR,2015-08-13,2015-09-11,0.03333333333333333,266.99,233.01,-0.0042423561431764005
917,CADILAHC,2015-08-13,2015-09-11,0.03333333333333333,407.8,359.19,-0.0039733529507928736
918,J&KBANK,2015-08-13,2015-09-11,0.03333333333333333,104.7,92.5,-0.0038841133397007326
919,EXIDEIND,2015-08-13,2015-09-11,0.03333333333333333,158.0,150.8,-0.0015189873417721495
920,UNIONBANK,2015-08-13,2015-09-11,0.03333333333333333,200.0,169.9,-0.005016666666666666
921,NCC,2015-08-13,2015-09-11,0.03333333333333333,74.45,61.8,-0.005663756436086862
922,ADANIENT,2015-09-14,2015-10-12,0.03333333333333333,70.9,84.45,0.006370474847202631
923,AIAENG,2015-09-14,2015-10-12,0.03333333333333333,975.0,1014.0,0.0013333333333333333
924,ANDHRABANK,2015-09-14,2015-10-12,0.03333333333333333,61.75,69.0,0.003913630229419703
925,APOLLOHOSP,2015-09-14,2015-10-12,0.03333333333333333,1380.0,1464.0,0.0020289855072463765
926,BHARATFIN,2015-09-14,2015-10-12,0.03333333333333333,456.05,434.9,-0.0015458831268501286
927,CENTURYTEX,2015-09-14,2015-10-12,0.03333333333333333,207.2,209.44,0.00036036036036036183
928,DELTACORP,2015-09-14,2015-10-12,0.03333333333333333,73.5,80.9,0.003356009070294787
929,DLF,2015-09-14,2015-10-12,0.03333333333333333,124.8,138.95,0.0037793803418803397
930,FEDERALBNK,2015-09-14,2015-10-12,0.03333333333333333,60.7,64.5,0.002086765513454144
931,GLENMARK,2015-09-14,2015-10-12,0.03333333333333333,1006.5,1027.5,0.0006954793840039742
932,INDHOTEL,2015-09-14,2015-10-12,0.03333333333333333,89.3,90.15,0.0003172825681224369
933,J&KBANK,2015-09-14,2015-10-12,0.03333333333333333,92.9,91.0,-0.0006817366343738806
934,JKLAKSHMI,2015-09-14,2015-10-12,0.03333333333333333,368.0,378.15,0.0009193840579710125
935,JSWENERGY,2015-09-14,2015-10-12,0.03333333333333333,82.5,86.75,0.0017171717171717172
936,MARUTI,2015-09-14,2015-10-12,0.03333333333333333,4330.0,4310.9,-0.00014703618167821682
937,MCLEODRUSS,2015-09-14,2015-10-12,0.03333333333333333,165.1,171.3,0.0012517666060973182
938,MINDTREE,2015-09-14,2015-10-12,0.03333333333333333,680.0,728.9,0.0023970588235294106
939,NCC,2015-09-14,2015-10-12,0.03333333333333333,63.0,75.3,0.006507936507936507
940,NMDC,2015-09-14,2015-10-12,0.03333333333333333,100.5,96.9,-0.0011940298507462667
941,PRESTIGE,2015-09-14,2015-10-12,0.03333333333333333,211.3,207.65,-0.0005758005994636387
942,RALLIS,2015-09-14,2015-10-12,0.03333333333333333,220.95,215.75,-0.0007844912121897848
943,RELCAPITAL,2015-09-14,2015-10-12,0.03333333333333333,339.75,380.0,0.003948982094677459
944,RELCAPITAL,2015-09-14,2015-10-12,0.03333333333333333,339.75,380.0,0.003948982094677459
945,SAIL,2015-09-14,2015-10-12,0.03333333333333333,51.25,56.45,0.003382113821138213
946,SHREECEM,2015-09-14,2015-10-12,0.03333333333333333,11580.0,12427.6,0.002439838802533104
947,SRTRANSFIN,2015-09-14,2015-10-12,0.03333333333333333,887.85,959.5,0.002690018959659101
948,TATAPOWER,2015-09-14,2015-10-12,0.03333333333333333,59.8,69.95,0.005657748049052401
949,TVSMOTOR,2015-09-14,2015-10-12,0.03333333333333333,234.45,239.35,0.0006966659557830392
950,ZEEL,2015-09-14,2015-10-12,0.03333333333333333,393.1,403.2,0.0008564402611718786
951,JSWSTEEL,2015-09-14,2015-10-12,0.03333333333333333,98.02000000000001,91.39,-0.0022546419098143267
952,KAJARIACER,2015-10-16,2015-11-16,0.03333333333333333,436.25,421.05,-0.0011614135625596935
953,NCC,2015-10-16,2015-11-16,0.03333333333333333,81.3,78.95,-0.0009635096350963486
954,ENGINERSIN,2015-10-16,2015-11-16,0.03333333333333333,107.45,94.25,-0.004094927873429503
955,REDINGTON,2015-10-16,2015-11-16,0.03333333333333333,125.8,114.0,-0.003126656067832538
956,KTKBANK,2015-10-16,2015-11-16,0.03333333333333333,131.85,122.4,-0.0023890784982935126
957,NATCOPHARM,2015-10-16,2015-11-16,0.03333333333333333,520.0,490.0,-0.0019230769230769232
958,SOBHA,2015-10-16,2015-11-16,0.03333333333333333,314.5,319.35,0.0005140434552199282
959,SRF,2015-10-16,2015-11-16,0.03333333333333333,1270.0,1239.95,-0.0007887139107611537
960,RCOM,2015-10-16,2015-11-16,0.03333333333333333,77.5,66.2,-0.00486021505376344
961,CARERATING,2015-10-16,2015-11-16,0.03333333333333333,1325.0,1294.0,-0.0007798742138364779
962,SYNDIBANK,2015-10-16,2015-11-16,0.03333333333333333,94.8,91.2,-0.0012658227848101247
963,HDIL,2015-10-16,2015-11-16,0.03333333333333333,76.35,61.25,-0.006592447063959833
964,SADBHAV,2015-10-16,2015-11-16,0.03333333333333333,320.8,308.4,-0.0012884455527847082
965,RAJESHEXPO,2015-10-16,2015-11-16,0.03333333333333333,634.0,705.5,0.0037592008412197686
966,WOCKPHARMA,2015-10-16,2015-11-16,0.03333333333333333,1572.25,1531.9,-0.000855461917633962
967,RELINFRA,2015-10-16,2015-11-16,0.03333333333333333,375.0,391.6,0.0014755555555555576
968,JUSTDIAL,2015-10-16,2015-11-16,0.03333333333333333,1053.0,789.5,-0.008341247230136118
969,RAYMOND,2015-10-16,2015-11-16,0.03333333333333333,463.6,407.1,-0.00406241012366983
970,INDUSINDBK,2015-10-16,2015-11-16,0.03333333333333333,958.0,889.4,-0.0023869171885873355
971,ITC,2015-10-16,2015-11-16,0.03333333333333333,232.03333333333333,220.0,-0.0017286788296700661
972,ASHOKLEY,2015-10-16,2015-11-16,0.03333333333333333,95.3,90.3,-0.0017488632388947185
973,ORIENTBANK,2015-10-16,2015-11-16,0.03333333333333333,142.1,146.85,0.001114238798967863
974,RELCAPITAL,2015-10-16,2015-11-16,0.03333333333333333,404.7,408.35,0.0003006342146445955
975,TATAMOTORS,2015-10-16,2015-11-16,0.03333333333333333,388.6,401.0,0.0010636472808371912
976,SRTRANSFIN,2015-10-16,2015-11-16,0.03333333333333333,1006.0,885.1,-0.004005964214711729
977,SBIN,2015-10-16,2015-11-16,0.03333333333333333,249.85,239.5,-0.0013808284970982581
978,CANBK,2015-10-16,2015-11-16,0.03333333333333333,302.0,276.8,-0.002781456953642383
979,HDFC,2015-10-16,2015-11-16,0.03333333333333333,1295.0,1170.1,-0.0032149292149292177
980,TATACONSUM,2015-10-16,2015-11-16,0.03333333333333333,135.0,127.8,-0.0017777777777777785
981,TVSMOTOR,2015-10-16,2015-11-16,0.03333333333333333,243.5,296.0,0.007186858316221766
982,BAJAJFINSV,2015-11-16,2015-12-14,0.03333333333333333,1923.0,1899.0,-0.0004160166406656266
983,BAJFINANCE,2015-11-16,2015-12-14,0.03333333333333333,530.0,552.0,0.0013836477987421382
984,BPCL,2015-11-16,2015-12-14,0.03333333333333333,302.6666666666667,298.31666666666666,-0.0004790748898678439
985,DIVISLAB,2015-11-16,2015-12-14,0.03333333333333333,1145.1,1130.0,-0.00043955404185951476
986,INDIACEM,2015-11-16,2015-12-14,0.03333333333333333,77.2,80.75,0.0015328151986183061
987,JINDALSTEL,2015-11-16,2015-12-14,0.03333333333333333,76.0,87.0,0.004824561403508771
988,JKLAKSHMI,2015-11-16,2015-12-14,0.03333333333333333,353.0,328.0,-0.002360717658168083
989,KPIT,2015-11-16,2015-12-14,0.03333333333333333,91.97604790419162,101.07784431137726,0.003298611111111117
990,MARUTI,2015-11-16,2015-12-14,0.03333333333333333,4600.0,4478.9,-0.0008775362318840606
991,MOTHERSUMI,2015-11-16,2015-12-14,0.03333333333333333,121.28888888888888,120.0,-0.0003542201050445797
992,NCC,2015-11-16,2015-12-14,0.03333333333333333,78.95,72.0,-0.002934346632890016
993,NIITTECH,2015-11-16,2015-12-14,0.03333333333333333,562.5,582.5,0.0011851851851851852
994,ORIENTBANK,2015-11-16,2015-12-14,0.03333333333333333,146.85,132.5,-0.0032572920213369636
995,PETRONET,2015-11-16,2015-12-14,0.03333333333333333,102.025,122.4,0.006656865147431185
996,PNB,2015-11-16,2015-12-14,0.03333333333333333,136.85,122.0,-0.0036170990135184497
997,RAJESHEXPO,2015-11-16,2015-12-14,0.03333333333333333,705.5,671.9,-0.0015875265768958197
998,RCOM,2015-11-16,2015-12-14,0.03333333333333333,66.2,76.7,0.005287009063444108
999,RELINFRA,2015-11-16,2015-12-14,0.03333333333333333,391.6,418.0,0.002247191011235953
1000,SANOFI,2015-11-16,2015-12-14,0.03333333333333333,4582.0,4300.0,-0.0020515058926233085
1001,SOBHA,2015-11-16,2015-12-14,0.03333333333333333,319.35,305.0,-0.0014978341422681512
1002,SOBHA,2015-11-16,2015-12-14,0.03333333333333333,319.35,305.0,-0.0014978341422681512
1003,TATACHEM,2015-11-16,2015-12-14,0.03333333333333333,419.0,386.4,-0.002593476531424027
1004,TATAMOTORS,2015-11-16,2015-12-14,0.03333333333333333,401.0,369.75,-0.002597672485453034
1005,TITAN,2015-11-16,2015-12-14,0.03333333333333333,351.05,348.8,-0.00021364477994587663
1006,TVSMOTOR,2015-11-16,2015-12-14,0.03333333333333333,296.0,271.2,-0.0027927927927927938
1007,UBL,2015-11-16,2015-12-14,0.03333333333333333,989.1,888.0,-0.003407137802042261
1008,JSWSTEEL,2015-11-16,2015-12-14,0.03333333333333333,90.49,96.9,0.0023612185508527688
1009,NAVINFLUOR,2015-11-16,2015-12-14,0.03333333333333333,343.43,349.27,0.0005668306981529448
1010,UNITDSPR,2015-11-16,2015-12-14,0.03333333333333333,697.42,614.4399999999999,-0.003966046284878553
1011,IOC,2015-11-16,2015-12-14,0.03333333333333333,101.3125,103.75,0.0008019740900678594
1012,SOBHA,2015-12-16,2016-01-14,0.03333333333333333,314.95,298.05,-0.001788643700058208
1013,GSKCONS,2015-12-16,2016-01-14,0.03333333333333333,6495.85,6170.0,-0.001672093208227819
1014,KPIT,2015-12-16,2016-01-14,0.03333333333333333,104.01197604790418,88.83233532934132,-0.004864709268854344
1015,VAKRANGEE,2015-12-16,2016-01-14,0.03333333333333333,84.5,89.5,0.0019723865877712033
1016,JSWSTEEL,2015-12-16,2016-01-14,0.03333333333333333,101.7,98.7,-0.0009832841691248771
1017,HINDUNILVR,2015-12-16,2016-01-14,0.03333333333333333,865.0,829.5,-0.001368015414258189
1018,KAJARIACER,2015-12-16,2016-01-14,0.03333333333333333,483.975,475.0,-0.000618144876629304
1019,NATCOPHARM,2015-12-16,2016-01-14,0.03333333333333333,551.5,569.0,0.0010577213659715926
1020,KARURVYSYA,2015-12-16,2016-01-14,0.03333333333333333,90.97999999999999,97.35,0.002333846266578737
1021,INDIACEM,2015-12-16,2016-01-14,0.03333333333333333,85.8,93.5,0.0029914529914529925
1022,CUB,2015-12-16,2016-01-14,0.03333333333333333,92.5,82.95,-0.0034414414414414406
1023,COLPAL,2015-12-16,2016-01-14,0.03333333333333333,1004.0,924.8,-0.0026294820717131487
1024,JUSTDIAL,2015-12-16,2016-01-14,0.03333333333333333,925.0,802.85,-0.004401801801801801
1025,ASIANPAINT,2015-12-16,2016-01-14,0.03333333333333333,880.0,863.5,-0.000625
1026,MARICO,2015-12-16,2016-01-14,0.03333333333333333,217.45,224.3,0.0010500498198819687
1027,PETRONET,2015-12-16,2016-01-14,0.03333333333333333,120.1,128.5,0.002331390507910077
1028,REDINGTON,2015-12-16,2016-01-14,0.03333333333333333,123.5,106.8,-0.004507422402159245
1029,HAVELLS,2015-12-16,2016-01-14,0.03333333333333333,304.8,280.0,-0.0027121609798775163
1030,VOLTAS,2015-12-16,2016-01-14,0.03333333333333333,302.75,282.0,-0.002284613267272227
1031,GODREJCP,2015-12-16,2016-01-14,0.03333333333333333,440.3,421.9666666666667,-0.0013879425644131513
1032,TATASTEEL,2015-12-16,2016-01-14,0.03333333333333333,246.55,235.0,-0.0015615493814642076
1033,JKLAKSHMI,2015-12-16,2016-01-14,0.03333333333333333,338.75,305.0,-0.0033210332103321034
1034,NCC,2015-12-16,2016-01-14,0.03333333333333333,73.3,69.0,-0.001955434288312868
1035,BAJFINANCE,2015-12-16,2016-01-14,0.03333333333333333,561.005,605.0,0.002614058698229071
1036,BIOCON,2015-12-16,2016-01-14,0.03333333333333333,78.88333333333334,83.45,0.0019297133600957796
1037,APOLLOHOSP,2015-12-16,2016-01-14,0.03333333333333333,1395.0,1355.4,-0.0009462365591397828
1038,ENGINERSIN,2015-12-16,2016-01-14,0.03333333333333333,111.35,111.0,-0.00010477473432120769
1039,JINDALSTEL,2015-12-16,2016-01-14,0.03333333333333333,91.4,76.7,-0.005361050328227572
1040,BHARATFIN,2015-12-16,2016-01-14,0.03333333333333333,466.0,510.0,0.0031473533619456365
1041,NIITTECH,2015-12-16,2016-01-14,0.03333333333333333,598.5,540.0,-0.003258145363408521
1042,ASHOKLEY,2016-01-13,2016-02-11,0.03333333333333333,93.05,87.95,-0.0018269747447608794
1043,BAJFINANCE,2016-01-13,2016-02-11,0.03333333333333333,622.0,653.47,0.001686495176848876
1044,BHARATFIN,2016-01-13,2016-02-11,0.03333333333333333,530.0,537.65,0.00048113207547169666
1045,BIOCON,2016-01-13,2016-02-11,0.03333333333333333,86.66666666666667,76.14999999999999,-0.0040448717948718
1046,GSPL,2016-01-13,2016-02-11,0.03333333333333333,144.0,133.5,-0.0024305555555555556
1047,HDIL,2016-01-13,2016-02-11,0.03333333333333333,80.4,65.75,-0.0060737976782752915
1048,HINDPETRO,2016-01-13,2016-02-11,0.03333333333333333,193.87777777777777,158.8777777777778,-0.0060175368215943555
1049,INDIACEM,2016-01-13,2016-02-11,0.03333333333333333,99.05,76.05,-0.007740198552919401
1050,INDIACEM,2016-01-13,2016-02-11,0.03333333333333333,99.05,76.05,-0.007740198552919401
1051,MINDTREE,2016-01-13,2016-02-11,0.03333333333333333,752.45,743.0,-0.000418632467273575
1052,NATCOPHARM,2016-01-13,2016-02-11,0.03333333333333333,595.7,436.0,-0.008936265458004591
1053,NCC,2016-01-13,2016-02-11,0.03333333333333333,74.15,60.5,-0.006136210384356037
1054,NTPC,2016-01-13,2016-02-11,0.03333333333333333,145.9,124.75,-0.004832076764907472
1055,OBEROIRLTY,2016-01-13,2016-02-11,0.03333333333333333,271.1,237.95,-0.004075986720767248
1056,PETRONET,2016-01-13,2016-02-11,0.03333333333333333,128.95,120.975,-0.0020615225539614827
1057,PIIND,2016-01-13,2016-02-11,0.03333333333333333,715.95,650.0,-0.0030705123728379563
1058,POWERGRID,2016-01-13,2016-02-11,0.03333333333333333,143.15,142.85,-6.985679357317763e-05
1059,RAJESHEXPO,2016-01-13,2016-02-11,0.03333333333333333,718.0,724.75,0.00031337047353760446
1060,RELIANCE,2016-01-13,2016-02-11,0.03333333333333333,526.55,481.425,-0.0028566454594372136
1061,RELINFRA,2016-01-13,2016-02-11,0.03333333333333333,580.0,444.5,-0.00778735632183908
1062,SOBHA,2016-01-13,2016-02-11,0.03333333333333333,304.9,259.85,-0.004925112058598443
1063,SRF,2016-01-13,2016-02-11,0.03333333333333333,1312.7,1151.0,-0.004106040984230975
1064,TATACOMM,2016-01-13,2016-02-11,0.03333333333333333,290.6666666666667,248.0,-0.004892966360856271
1065,TVSMOTOR,2016-01-13,2016-02-11,0.03333333333333333,293.7,287.0,-0.0007604131199636804
1066,VAKRANGEE,2016-01-13,2016-02-11,0.03333333333333333,90.0,101.35,0.004203703703703702
1067,WOCKPHARMA,2016-01-13,2016-02-11,0.03333333333333333,1638.0,945.0,-0.014102564102564103
1068,KARURVYSYA,2016-01-13,2016-02-11,0.03333333333333333,98.82000000000001,87.59,-0.0037880321122579783
1069,BEL,2016-01-13,2016-02-11,0.03333333333333333,135.0,118.0,-0.004197530864197531
1070,IGL,2016-01-13,2016-02-11,0.03333333333333333,116.85999999999999,108.96,-0.0022534086371156347
1071,EICHERMOT,2016-01-13,2016-02-11,0.03333333333333333,17288.0,17750.0,0.0008907913003239241
1072,ABB,2016-02-12,2016-03-14,0.03333333333333333,1082.0,1136.4,0.0016759088108441187
1073,AJANTPHARM,2016-02-12,2016-03-14,0.03333333333333333,1315.0,1445.0,0.00329531051964512
1074,AMARAJABAT,2016-02-12,2016-03-14,0.03333333333333333,861.0,902.25,0.001596980255516841
1075,APOLLOHOSP,2016-02-12,2016-03-14,0.03333333333333333,1425.1,1425.0,-2.339017144993546e-06
1076,APOLLOTYRE,2016-02-12,2016-03-14,0.03333333333333333,150.0,169.0,0.004222222222222222
1077,BAJFINANCE,2016-02-12,2016-03-14,0.03333333333333333,620.3,640.5,0.001085496265248001
1078,BATAINDIA,2016-02-12,2016-03-14,0.03333333333333333,481.8,499.0,0.0011899820118998193
1079,BHARTIARTL,2016-02-12,2016-03-14,0.03333333333333333,312.5,335.15,0.0024159999999999976
1080,BIOCON,2016-02-12,2016-03-14,0.03333333333333333,73.85000000000001,81.06666666666666,0.0032573534943203127
1081,CADILAHC,2016-02-12,2016-03-14,0.03333333333333333,322.9,345.0,0.0022814080726747212
1082,DCBBANK,2016-02-12,2016-03-14,0.03333333333333333,72.0,76.35,0.0020138888888888862
1083,EMAMILTD,2016-02-12,2016-03-14,0.03333333333333333,510.0,473.0,-0.002418300653594771
1084,GPPL,2016-02-12,2016-03-14,0.03333333333333333,151.95,159.15,0.0015794669299111588
1085,GSKCONS,2016-02-12,2016-03-14,0.03333333333333333,5990.0,5674.85,-0.0017537562604340547
1086,HDIL,2016-02-12,2016-03-14,0.03333333333333333,62.3,70.9,0.004601391118245056
1087,INDIACEM,2016-02-12,2016-03-14,0.03333333333333333,71.9,75.7,0.0017617060732498825
1088,INDIACEM,2016-02-12,2016-03-14,0.03333333333333333,71.9,75.7,0.0017617060732498825
1089,JSWENERGY,2016-02-12,2016-03-14,0.03333333333333333,63.05,69.4,0.0033571239756806813
1090,KSCL,2016-02-12,2016-03-14,0.03333333333333333,351.95,395.7,0.00414358100108917
1091,LUPIN,2016-02-12,2016-03-14,0.03333333333333333,1810.0,1860.0,0.0009208103130755065
1092,MARICO,2016-02-12,2016-03-14,0.03333333333333333,228.0,250.0,0.0032163742690058477
1093,NCC,2016-02-12,2016-03-14,0.03333333333333333,58.45,68.4,0.005674365554605077
1094,NCC,2016-02-12,2016-03-14,0.03333333333333333,58.45,68.4,0.005674365554605077
1095,PIDILITIND,2016-02-12,2016-03-14,0.03333333333333333,582.9,605.95,0.001318122033510612
1096,SOBHA,2016-02-12,2016-03-14,0.03333333333333333,255.0,252.0,-0.0003921568627450981
1097,SUNPHARMA,2016-02-12,2016-03-14,0.03333333333333333,845.0,869.0,0.0009467455621301776
1098,TITAN,2016-02-12,2016-03-14,0.03333333333333333,358.15,347.1,-0.001028433151845126
1099,RNAVAL,2016-02-12,2016-03-14,0.03333333333333333,56.3,68.2,0.007045589105979873
1100,YESBANK,2016-02-12,2016-03-14,0.03333333333333333,144.0,161.0,0.003935185185185185
1101,EICHERMOT,2016-02-12,2016-03-14,0.03333333333333333,17720.0,20200.0,0.004665161775771257
1102,TATASTEEL,2016-03-15,2016-04-13,0.03333333333333333,297.0,327.5,0.003423120089786756
1103,REDINGTON,2016-03-15,2016-04-13,0.03333333333333333,110.05,113.05,0.0009086778736937756
1104,GLENMARK,2016-03-15,2016-04-13,0.03333333333333333,840.0,792.0,-0.0019047619047619048
1105,SOBHA,2016-03-15,2016-04-13,0.03333333333333333,249.05,275.45,0.0035334270226862045
1106,HINDALCO,2016-03-15,2016-04-13,0.03333333333333333,85.0,93.05,0.0031568627450980383
1107,SRTRANSFIN,2016-03-15,2016-04-13,0.03333333333333333,943.0,975.55,0.0011505832449628828
1108,TATAMOTORS,2016-03-15,2016-04-13,0.03333333333333333,366.9,400.0,0.003007177250840377
1109,MARICO,2016-03-15,2016-04-13,0.03333333333333333,251.75,258.2,0.0008540218470705049
1110,DHFL,2016-03-15,2016-04-13,0.03333333333333333,184.35,193.8,0.001708706265256309
1111,RELINFRA,2016-03-15,2016-04-13,0.03333333333333333,498.0,579.35,0.005445113788487284
1112,BOSCHLTD,2016-03-15,2016-04-13,0.03333333333333333,18000.0,20200.0,0.004074074074074074
1113,BHARTIARTL,2016-03-15,2016-04-13,0.03333333333333333,340.0,351.05,0.0010833333333333346
1114,YESBANK,2016-03-15,2016-04-13,0.03333333333333333,160.2,173.42000000000002,0.00275072825634624
1115,JSWSTEEL,2016-03-15,2016-04-13,0.03333333333333333,118.0,130.51,0.0035338983050847432
1116,EICHERMOT,2016-03-15,2016-04-13,0.03333333333333333,19874.85,19657.85,-0.00036394404653787744
1117,RALLIS,2016-03-15,2016-04-13,0.03333333333333333,163.5,186.0,0.0045871559633027525
1118,VEDL,2016-03-15,2016-04-13,0.03333333333333333,88.95,92.55,0.0013490725126475527
1119,CADILAHC,2016-03-15,2016-04-13,0.03333333333333333,348.05,319.2,-0.0027630129770626847
1120,AIAENG,2016-03-15,2016-04-13,0.03333333333333333,863.0,990.0,0.004905368868288915
1121,ADANIPORTS,2016-03-15,2016-04-13,0.03333333333333333,233.1,235.0,0.0002717002717002725
1122,APOLLOTYRE,2016-03-15,2016-04-13,0.03333333333333333,170.0,170.8,0.00015686274509804144
1123,INDIACEM,2016-03-15,2016-04-13,0.03333333333333333,75.0,94.2,0.008533333333333335
1124,SUNTV,2016-03-15,2016-04-13,0.03333333333333333,367.0,360.1,-0.0006267029972752022
1125,EXIDEIND,2016-03-15,2016-04-13,0.03333333333333333,137.0,138.0,0.00024330900243309
1126,AJANTPHARM,2016-03-15,2016-04-13,0.03333333333333333,1410.8,1494.0,0.0019657877327284765
1127,SHREECEM,2016-03-15,2016-04-13,0.03333333333333333,11470.0,12599.95,0.0032837837837837855
1128,WOCKPHARMA,2016-03-15,2016-04-13,0.03333333333333333,997.65,1046.0,0.0016154630047277778
1129,HEROMOTOCO,2016-03-15,2016-04-13,0.03333333333333333,2819.95,3041.45,0.00261824973256027
1130,KSCL,2016-03-15,2016-04-13,0.03333333333333333,398.4,395.0,-0.00028447121820615606
1131,ULTRACEMCO,2016-03-15,2016-04-13,0.03333333333333333,3001.75,3194.5,0.0021404180894478222
1132,BIOCON,2016-04-20,2016-05-18,0.03333333333333333,93.31666666666666,103.68333333333334,0.0037030422099184404
1133,GRASIM,2016-04-20,2016-05-18,0.03333333333333333,819.0,855.0,0.0014652014652014652
1134,BPCL,2016-04-20,2016-05-18,0.03333333333333333,322.68333333333334,314.03333333333336,-0.0008935488869376558
1135,JUSTDIAL,2016-04-20,2016-05-18,0.03333333333333333,894.0,737.5,-0.005835197613721104
1136,HINDPETRO,2016-04-20,2016-05-18,0.03333333333333333,193.33333333333334,186.66666666666666,-0.001149425287356325
1137,CENTURYTEX,2016-04-20,2016-05-18,0.03333333333333333,246.04000000000002,244.76,-0.0001734135370942434
1138,BAJAJFINSV,2016-04-20,2016-05-18,0.03333333333333333,1884.95,1867.0,-0.0003174266337745483
1139,M&MFIN,2016-04-20,2016-05-18,0.03333333333333333,280.0,295.0,0.0017857142857142857
1140,DABUR,2016-04-20,2016-05-18,0.03333333333333333,272.4,278.2,0.0007097405775819888
1141,GLENMARK,2016-04-20,2016-05-18,0.03333333333333333,793.5,865.0,0.0030035706784289013
1142,POWERGRID,2016-04-20,2016-05-18,0.03333333333333333,145.7,144.0,-0.00038892701898878717
1143,AIAENG,2016-04-20,2016-05-18,0.03333333333333333,1031.4,948.0,-0.002695365522590656
1144,GODREJIND,2016-04-20,2016-05-18,0.03333333333333333,375.35,350.0,-0.002251232183295593
1145,IOC,2016-04-20,2016-05-18,0.03333333333333333,107.4125,102.05,-0.0016641452344931915
1146,SOBHA,2016-04-20,2016-05-18,0.03333333333333333,317.4,303.0,-0.0015122873345935705
1147,RAMCOCEM,2016-04-20,2016-05-18,0.03333333333333333,460.0,485.1,0.0018188405797101466
1148,OBEROIRLTY,2016-04-20,2016-05-18,0.03333333333333333,267.75,280.0,0.0015250544662309367
1149,BATAINDIA,2016-04-20,2016-05-18,0.03333333333333333,554.85,587.0,0.0019314529452404538
1150,UPL,2016-04-20,2016-05-18,0.03333333333333333,340.73333333333335,385.3333333333333,0.004363138329094107
1151,ACC,2016-04-20,2016-05-18,0.03333333333333333,1468.1,1442.5,-0.0005812501419067709
1152,JETAIRWAYS,2016-04-20,2016-05-18,0.03333333333333333,642.0,647.85,0.00030373831775701055
1153,TATACOMM,2016-04-20,2016-05-18,0.03333333333333333,269.93333333333334,287.3666666666667,0.002152794928789002
1154,JSWSTEEL,2016-04-20,2016-05-18,0.03333333333333333,134.66500000000002,128.5,-0.0015260089852597233
1155,TVSMOTOR,2016-04-20,2016-05-18,0.03333333333333333,334.9,292.6,-0.004210212003583154
1156,SIEMENS,2016-04-20,2016-05-18,0.03333333333333333,1181.0,1154.9,-0.0007366638441998281
1157,BHEL,2016-04-20,2016-05-18,0.03333333333333333,88.3,80.0,-0.003133257833144582
1158,CESC,2016-04-20,2016-05-18,0.03333333333333333,507.0,536.95,0.0019690992767915877
1159,KARURVYSYA,2016-04-20,2016-05-18,0.03333333333333333,95.92,93.2,-0.000945232137892688
1160,NTPC,2016-04-20,2016-05-18,0.03333333333333333,139.5,136.9,-0.0006212664277180392
1161,WIPRO,2016-04-20,2016-05-18,0.03333333333333333,224.81203007518795,202.59398496240598,-0.0032943143812709046
1162,ADANIENT,2016-05-18,2016-06-16,0.03333333333333333,74.0,79.0,0.0022522522522522522
1163,AJANTPHARM,2016-05-18,2016-06-16,0.03333333333333333,1577.0,1529.2,-0.0010103572183470715
1164,ASIANPAINT,2016-05-18,2016-06-16,0.03333333333333333,969.0,993.75,0.0008513931888544891
1165,AXISBANK,2016-05-18,2016-06-16,0.03333333333333333,498.5,528.0,0.001972584419926446
1166,BAJFINANCE,2016-05-18,2016-06-16,0.03333333333333333,773.425,762.5,-0.0004708493605283837
1167,BERGEPAINT,2016-05-18,2016-06-16,0.03333333333333333,209.2857142857143,210.71428571428572,0.0002275312855517614
1168,BHARATFIN,2016-05-18,2016-06-16,0.03333333333333333,624.7,674.0,0.0026305960194226534
1169,BIOCON,2016-05-18,2016-06-16,0.03333333333333333,103.68333333333334,119.91666666666667,0.005218882280447945
1170,BOSCHLTD,2016-05-18,2016-06-16,0.03333333333333333,21375.1,21754.0,0.0005908744286576461
1171,DISHTV,2016-05-18,2016-06-16,0.03333333333333333,96.0,92.0,-0.001388888888888889
1172,EMAMILTD,2016-05-18,2016-06-16,0.03333333333333333,556.275,495.5,-0.0036417838898626267
1173,GLENMARK,2016-05-18,2016-06-16,0.03333333333333333,865.0,782.0,-0.0031984585741811175
1174,GLENMARK,2016-05-18,2016-06-16,0.03333333333333333,865.0,782.0,-0.0031984585741811175
1175,HAVELLS,2016-05-18,2016-06-16,0.03333333333333333,365.8,360.95,-0.0004419537087661767
1176,IBULHSGFIN,2016-05-18,2016-06-16,0.03333333333333333,718.0,705.0,-0.0006035283194057567
1177,INDHOTEL,2016-05-18,2016-06-16,0.03333333333333333,115.0,130.3,0.0044347826086956555
1178,INDUSINDBK,2016-05-18,2016-06-16,0.03333333333333333,1080.0,1118.9,0.0012006172839506201
1179,MARUTI,2016-05-18,2016-06-16,0.03333333333333333,3928.8,4160.0,0.0019615828412407506
1180,MOTHERSUMI,2016-05-18,2016-06-16,0.03333333333333333,128.42222222222222,129.2,0.00020188037145988183
1181,MUTHOOTFIN,2016-05-18,2016-06-16,0.03333333333333333,224.85,271.9,0.006975020383959674
1182,PEL,2016-05-18,2016-06-16,0.03333333333333333,1340.3,1384.0,0.0010868213584023488
1183,SOBHA,2016-05-18,2016-06-16,0.03333333333333333,303.0,305.0,0.00022002200220022002
1184,SUNTV,2016-05-18,2016-06-16,0.03333333333333333,434.0,379.5,-0.004185867895545315
1185,TATAMOTORS,2016-05-18,2016-06-16,0.03333333333333333,383.5,449.7,0.005754019991308126
1186,VOLTAS,2016-05-18,2016-06-16,0.03333333333333333,348.8,330.1,-0.0017870795107033629
1187,ZEEL,2016-05-18,2016-06-16,0.03333333333333333,444.0,457.95,0.0010472972972972966
1188,GRASIM,2016-05-18,2016-06-16,0.03333333333333333,855.0,863.8,0.0003430799220272887
1189,IGL,2016-05-18,2016-06-16,0.03333333333333333,118.05999999999999,122.8,0.0013383025580213479
1190,BRITANNIA,2016-05-18,2016-06-16,0.03333333333333333,1501.975,1340.0,-0.0035947114077575617
1191,YESBANK,2016-05-18,2016-06-16,0.03333333333333333,193.28,213.2,0.003435430463576157
1192,HINDALCO,2016-06-14,2016-07-13,0.03333333333333333,114.95,136.0,0.006104103233289835
1193,NIITTECH,2016-06-14,2016-07-13,0.03333333333333333,556.5,508.9,-0.0028511530398322863
1194,GLENMARK,2016-06-14,2016-07-13,0.03333333333333333,773.0,839.0,0.002846054333764554
1195,WELSPUNIND,2016-06-14,2016-07-13,0.03333333333333333,114.0,111.6,-0.0007017543859649139
1196,SOBHA,2016-06-14,2016-07-13,0.03333333333333333,297.6,327.5,0.00334901433691756
1197,INDIANB,2016-06-14,2016-07-13,0.03333333333333333,105.0,153.05,0.015253968253968258
1198,TATACONSUM,2016-06-14,2016-07-13,0.03333333333333333,129.4,132.9,0.0009015971148892323
1199,ADANIENT,2016-06-14,2016-07-13,0.03333333333333333,73.3,84.4,0.005047748976807644
1200,TATAMOTORS,2016-06-14,2016-07-13,0.03333333333333333,446.9,485.95,0.002912657566942643
1201,ULTRACEMCO,2016-06-14,2016-07-13,0.03333333333333333,3401.45,3487.0,0.0008383679509228925
1202,CENTRALBK,2016-06-14,2016-07-13,0.03333333333333333,87.6,104.2,0.006316590563165908
1203,PIDILITIND,2016-06-14,2016-07-13,0.03333333333333333,696.2,720.0,0.0011395192952216773
1204,YESBANK,2016-06-14,2016-07-13,0.03333333333333333,213.01999999999998,230.54000000000002,0.002741526617219047
1205,THERMAX,2016-06-14,2016-07-13,0.03333333333333333,810.25,893.0,0.003404299084644657
1206,NATCOPHARM,2016-06-14,2016-07-13,0.03333333333333333,519.5,597.65,0.00501443695861405
1207,BIOCON,2016-06-14,2016-07-13,0.03333333333333333,119.58333333333333,122.56666666666666,0.0008315911730545879
1208,JSWENERGY,2016-06-14,2016-07-13,0.03333333333333333,79.0,83.6,0.001940928270042192
1209,ADANIPORTS,2016-06-14,2016-07-13,0.03333333333333333,202.6,217.45,0.002443237907206317
1210,COALINDIA,2016-06-14,2016-07-13,0.03333333333333333,310.0,319.0,0.000967741935483871
1211,INDIACEM,2016-06-14,2016-07-13,0.03333333333333333,102.0,117.6,0.005098039215686272
1212,AIAENG,2016-06-14,2016-07-13,0.03333333333333333,1010.55,1009.15,-4.6179473224151115e-05
1213,SIEMENS,2016-06-14,2016-07-13,0.03333333333333333,1250.0,1307.0,0.0015199999999999999
1214,AMBUJACEM,2016-06-14,2016-07-13,0.03333333333333333,237.3,260.8,0.00330102542491923
1215,INDHOTEL,2016-06-14,2016-07-13,0.03333333333333333,124.0,130.4,0.0017204301075268832
1216,RAMCOCEM,2016-06-14,2016-07-13,0.03333333333333333,531.0,588.75,0.003625235404896422
1217,KSCL,2016-06-14,2016-07-13,0.03333333333333333,453.0,440.8,-0.0008977189109639432
1218,MUTHOOTFIN,2016-06-14,2016-07-13,0.03333333333333333,264.0,282.0,0.0022727272727272726
1219,PCJEWELLER,2016-06-14,2016-07-13,0.03333333333333333,182.9,190.95,0.001467104064151628
1220,ZEEL,2016-06-14,2016-07-13,0.03333333333333333,465.1,453.5,-0.0008313624310184206
1221,VEDL,2016-06-14,2016-07-13,0.03333333333333333,113.8,161.4,0.013942589338019921
1222,ALBK,2016-07-15,2016-08-16,0.03333333333333333,81.75,74.95,-0.002772680937818551
1223,AMBUJACEM,2016-07-15,2016-08-16,0.03333333333333333,263.95,265.25,0.0001641725074193359
1224,BAJFINANCE,2016-07-15,2016-08-16,0.03333333333333333,869.9950000000001,1016.01,0.005594476596608787
1225,BANKINDIA,2016-07-15,2016-08-16,0.03333333333333333,117.4,114.9,-0.000709823963657013
1226,BHEL,2016-07-15,2016-08-16,0.03333333333333333,96.60000000000001,92.66666666666667,-0.0013572578789970105
1227,CADILAHC,2016-07-15,2016-08-16,0.03333333333333333,366.6,369.5,0.0002636843062374956
1228,CANBK,2016-07-15,2016-08-16,0.03333333333333333,256.75,257.0,3.2456994482310936e-05
1229,DRREDDY,2016-07-15,2016-08-16,0.03333333333333333,3581.0,3009.0,-0.005324397281951038
1230,GLENMARK,2016-07-15,2016-08-16,0.03333333333333333,852.0,836.6,-0.0006025039123630664
1231,GLENMARK,2016-07-15,2016-08-16,0.03333333333333333,852.0,836.6,-0.0006025039123630664
1232,GODREJIND,2016-07-15,2016-08-16,0.03333333333333333,417.95,407.0,-0.0008733102045699237
1233,GPPL,2016-07-15,2016-08-16,0.03333333333333333,184.85,178.9,-0.0010729420250653664
1234,HDFC,2016-07-15,2016-08-16,0.03333333333333333,1325.05,1378.0,0.0013320252065959787
1235,HINDALCO,2016-07-15,2016-08-16,0.03333333333333333,136.9,147.7,0.0026296566837107336
1236,HINDPETRO,2016-07-15,2016-08-16,0.03333333333333333,238.66666666666666,266.22222222222223,0.003848541278708879
1237,HINDZINC,2016-07-15,2016-08-16,0.03333333333333333,195.7,219.1,0.003985692386305571
1238,INDIANB,2016-07-15,2016-08-16,0.03333333333333333,156.05,203.9,0.010221082986222362
1239,LUPIN,2016-07-15,2016-08-16,0.03333333333333333,1658.55,1597.0,-0.0012370243083818185
1240,PFC,2016-07-15,2016-08-16,0.03333333333333333,106.825,111.3,0.0013963647710429812
1241,PNB,2016-07-15,2016-08-16,0.03333333333333333,134.0,123.8,-0.0025373134328358217
1242,RECLTD,2016-07-15,2016-08-16,0.03333333333333333,101.8,112.5,0.0035036018336607735
1243,SOBHA,2016-07-15,2016-08-16,0.03333333333333333,325.05,301.75,-0.0023893759934369083
1244,THERMAX,2016-07-15,2016-08-16,0.03333333333333333,907.2,864.95,-0.0015523956496178717
1245,TITAN,2016-07-15,2016-08-16,0.03333333333333333,426.5,402.15,-0.0019030871434153984
1246,VAKRANGEE,2016-07-15,2016-08-16,0.03333333333333333,102.675,90.5,-0.003952601249898546
1247,VEDL,2016-07-15,2016-08-16,0.03333333333333333,166.25,166.5,5.012531328320802e-05
1248,JSWSTEEL,2016-07-15,2016-08-16,0.03333333333333333,158.0,173.195,0.003205696202531644
1249,NAVINFLUOR,2016-07-15,2016-08-16,0.03333333333333333,442.0,474.4,0.0024434389140271474
1250,GRASIM,2016-07-15,2016-08-16,0.03333333333333333,961.8,913.0,-0.0016912733069938295
1251,IOC,2016-07-15,2016-08-16,0.03333333333333333,120.15,134.25,0.003911776945484809
1252,DHFL,2016-08-16,2016-09-12,0.03333333333333333,266.0,293.05,0.003389724310776944
1253,AIAENG,2016-08-16,2016-09-12,0.03333333333333333,1180.0,1201.05,0.0005946327683615806
1254,APLLTD,2016-08-16,2016-09-12,0.03333333333333333,651.0,625.0,-0.0013312852022529442
1255,GLENMARK,2016-08-16,2016-09-12,0.03333333333333333,836.6,889.7,0.002115706430791299
1256,SOBHA,2016-08-16,2016-09-12,0.03333333333333333,301.75,303.75,0.00022093344380005522
1257,TCS,2016-08-16,2016-09-12,0.03333333333333333,1369.0,1168.5,-0.00488190893596299
1258,BRITANNIA,2016-08-16,2016-09-12,0.03333333333333333,1649.05,1700.0,0.001029885893898508
1259,AJANTPHARM,2016-08-16,2016-09-12,0.03333333333333333,1907.9,1825.0,-0.0014483638206055538
1260,SRF,2016-08-16,2016-09-12,0.03333333333333333,1587.95,1633.0,0.0009456636963800278
1261,YESBANK,2016-08-16,2016-09-12,0.03333333333333333,259.79,249.8,-0.0012818045344316575
1262,ADANIPORTS,2016-08-16,2016-09-12,0.03333333333333333,259.6,268.9,0.001194144838212629
1263,BIOCON,2016-08-16,2016-09-12,0.03333333333333333,141.0,148.33333333333334,0.0017336485421591827
1264,HCLTECH,2016-08-16,2016-09-12,0.03333333333333333,813.2,772.0,-0.001688801442859487
1265,TATAMOTORS,2016-08-16,2016-09-12,0.03333333333333333,512.95,551.0,0.0024726256620203366
1266,AXISBANK,2016-08-16,2016-09-12,0.03333333333333333,593.95,597.8,0.0002160675702219552
1267,BAJAJ-AUTO,2016-08-16,2016-09-12,0.03333333333333333,2872.25,2970.0,0.0011344184292221544
1268,INDIANB,2016-08-16,2016-09-12,0.03333333333333333,203.9,223.0,0.003122445643289193
1269,GSPL,2016-08-16,2016-09-12,0.03333333333333333,140.2,150.4,0.0024251069900142696
1270,HINDZINC,2016-08-16,2016-09-12,0.03333333333333333,219.1,212.5,-0.0010041077133728883
1271,FORTIS,2016-08-16,2016-09-12,0.03333333333333333,193.2,176.0,-0.0029675638371290526
1272,GRUH,2016-08-16,2016-09-12,0.03333333333333333,155.875,156.5,0.00013365410318096765
1273,VOLTAS,2016-08-16,2016-09-12,0.03333333333333333,366.95,381.8,0.001348957623654451
1274,BHARATFORG,2016-08-16,2016-09-12,0.03333333333333333,412.4,424.5,0.0009780148722922748
1275,IPCALAB,2016-08-16,2016-09-12,0.03333333333333333,530.2,579.75,0.0031151766628945018
1276,SYNDIBANK,2016-08-16,2016-09-12,0.03333333333333333,73.2,77.9,0.0021402550091074693
1277,IGL,2016-08-16,2016-09-12,0.03333333333333333,135.22,150.9,0.0038653059212148118
1278,LICHSGFIN,2016-08-16,2016-09-12,0.03333333333333333,555.0,574.5,0.0011711711711711711
1279,PEL,2016-08-16,2016-09-12,0.03333333333333333,1710.05,1845.1,0.002632476633236844
1280,L&TFH,2016-08-16,2016-09-12,0.03333333333333333,90.3,92.8,0.0009228497600590623
1281,RECLTD,2016-08-16,2016-09-12,0.03333333333333333,112.5,118.85,0.0018814814814814799
1282,VAKRANGEE,2016-09-16,2016-10-17,0.03333333333333333,112.0,118.325,0.001882440476190477
1283,GLENMARK,2016-09-16,2016-10-17,0.03333333333333333,894.0,922.0,0.0010439970171513796
1284,SOBHA,2016-09-16,2016-10-17,0.03333333333333333,293.0,300.0,0.0007963594994311718
1285,CENTURYTEX,2016-09-16,2016-10-17,0.03333333333333333,345.58000000000004,378.91999999999996,0.003215849682659096
1286,APOLLOTYRE,2016-09-16,2016-10-17,0.03333333333333333,216.0,216.75,0.00011574074074074075
1287,MRF,2016-09-16,2016-10-17,0.03333333333333333,41350.0,52549.8,0.009028456267634022
1288,TATAMOTORS,2016-09-16,2016-10-17,0.03333333333333333,562.4,557.85,-0.00026967757230914854
1289,MARUTI,2016-09-16,2016-10-17,0.03333333333333333,5473.0,5699.0,0.001376454108045557
1290,EXIDEIND,2016-09-16,2016-10-17,0.03333333333333333,196.0,191.2,-0.0008163265306122468
1291,AMARAJABAT,2016-09-16,2016-10-17,0.03333333333333333,1054.7,1043.0,-0.0003697733952782796
1292,ADANIPORTS,2016-09-16,2016-10-17,0.03333333333333333,268.0,253.0,-0.0018656716417910447
1293,INDIACEM,2016-09-16,2016-10-17,0.03333333333333333,148.85,158.0,0.0020490426603963735
1294,UPL,2016-09-16,2016-10-17,0.03333333333333333,457.7,452.5333333333333,-0.0003762775228801024
1295,PCJEWELLER,2016-09-16,2016-10-17,0.03333333333333333,248.9,250.0,0.00014731485201553428
1296,IPCALAB,2016-09-16,2016-10-17,0.03333333333333333,578.95,620.55,0.0023951406281486546
1297,BRITANNIA,2016-09-16,2016-10-17,0.03333333333333333,1770.0,1667.65,-0.0019274952919020698
1298,SYNGENE,2016-09-16,2016-10-17,0.03333333333333333,240.95,252.975,0.0016635539876876263
1299,RELCAPITAL,2016-09-16,2016-10-17,0.03333333333333333,567.3,555.0,-0.0007227216640225604
1300,KSCL,2016-09-16,2016-10-17,0.03333333333333333,346.5,415.0,0.006589706589706589
1301,CANBK,2016-09-16,2016-10-17,0.03333333333333333,308.65,315.0,0.0006857821696635912
1302,RAJESHEXPO,2016-09-16,2016-10-17,0.03333333333333333,461.5,495.95,0.002488262910798121
1303,ICICIBANK,2016-09-16,2016-10-17,0.03333333333333333,271.75,246.0,-0.003158540325053664
1304,SUNTV,2016-09-16,2016-10-17,0.03333333333333333,514.85,541.5,0.0017254216438444838
1305,DIVISLAB,2016-09-16,2016-10-17,0.03333333333333333,1351.45,1236.1,-0.0028450923082615
1306,GODREJCP,2016-09-16,2016-10-17,0.03333333333333333,555.3333333333334,530.0,-0.001520608243297321
1307,TATAPOWER,2016-09-16,2016-10-17,0.03333333333333333,75.1,78.15,0.0013537505548158063
1308,ONGC,2016-09-16,2016-10-17,0.03333333333333333,166.26666666666668,184.70000000000002,0.003695535952953756
1309,IRB,2016-09-16,2016-10-17,0.03333333333333333,246.8,241.0,-0.0007833603457590507
1310,BIOCON,2016-09-16,2016-10-17,0.03333333333333333,155.33333333333334,159.725,0.0009424177396280367
1311,RELIANCE,2016-09-16,2016-10-17,0.03333333333333333,533.5,540.0,0.00040612308653545766
1312,PETRONET,2016-10-18,2016-11-16,0.03333333333333333,202.55,181.5,-0.003464165226692999
1313,TVSMOTOR,2016-10-18,2016-11-16,0.03333333333333333,394.0,352.65,-0.003498307952622675
1314,CENTURYTEX,2016-10-18,2016-11-16,0.03333333333333333,376.0,313.56,-0.005535460992907801
1315,TATACOMM,2016-10-18,2016-11-16,0.03333333333333333,426.6333333333334,406.0,-0.0016121051123785747
1316,PERSISTENT,2016-10-18,2016-11-16,0.03333333333333333,690.0,618.05,-0.0034758454106280216
1317,OBEROIRLTY,2016-10-18,2016-11-16,0.03333333333333333,337.6,269.0,-0.006773301737756716
1318,ONGC,2016-10-18,2016-11-16,0.03333333333333333,186.13333333333333,186.0,-2.3877745940781835e-05
1319,INOXWIND,2016-10-18,2016-11-16,0.03333333333333333,228.0,189.0,-0.005701754385964913
1320,GAIL,2016-10-18,2016-11-16,0.03333333333333333,121.23353496523262,124.65373961218836,0.0009403901453330235
1321,IOC,2016-10-18,2016-11-16,0.03333333333333333,161.5,143.55,-0.003704850361197108
1322,ADANIPORTS,2016-10-18,2016-11-16,0.03333333333333333,251.55,271.0,0.0025773537401444363
1323,BPCL,2016-10-18,2016-11-16,0.03333333333333333,440.6666666666667,433.3333333333333,-0.0005547150781644002
1324,INDIACEM,2016-10-18,2016-11-16,0.03333333333333333,155.1,120.0,-0.007543520309477755
1325,RAMCOCEM,2016-10-18,2016-11-16,0.03333333333333333,652.0,567.7,-0.0043098159509202425
1326,RELCAPITAL,2016-10-18,2016-11-16,0.03333333333333333,543.0,452.0,-0.005586249232658072
1327,KSCL,2016-10-18,2016-11-16,0.03333333333333333,416.0,394.95,-0.0016866987179487186
1328,GLAXO,2016-10-18,2016-11-16,0.03333333333333333,1478.175,1329.175,-0.0033599990979868194
1329,TATASTEEL,2016-10-18,2016-11-16,0.03333333333333333,414.4,397.0,-0.0013996138996138978
1330,APLLTD,2016-10-18,2016-11-16,0.03333333333333333,683.0,630.55,-0.0025597852611029793
1331,VAKRANGEE,2016-10-18,2016-11-16,0.03333333333333333,118.45,126.725,0.0023286900239200764
1332,RECLTD,2016-10-18,2016-11-16,0.03333333333333333,132.05,128.0,-0.0010223400227186699
1333,CHOLAFIN,2016-10-18,2016-11-16,0.03333333333333333,240.2,184.0,-0.007799056341937273
1334,GODREJCP,2016-10-18,2016-11-16,0.03333333333333333,521.3333333333334,455.26666666666665,-0.004224211423699918
1335,VEDL,2016-10-18,2016-11-16,0.03333333333333333,195.0,215.55,0.0035128205128205146
1336,IRB,2016-10-18,2016-11-16,0.03333333333333333,239.0,187.1,-0.007238493723849373
1337,RAJESHEXPO,2016-10-18,2016-11-16,0.03333333333333333,489.3,445.0,-0.0030179167518223316
1338,SYNGENE,2016-10-18,2016-11-16,0.03333333333333333,256.425,274.35,0.0023301160183289474
1339,IDFCFIRSTB,2016-10-18,2016-11-16,0.03333333333333333,75.85,73.85,-0.0008789277081960009
1340,PGHH,2016-10-18,2016-11-16,0.03333333333333333,6991.0,6728.0,-0.0012539932293901682
1341,INDIGO,2016-10-18,2016-11-16,0.03333333333333333,931.05,888.0,-0.0015412706084528206
1342,ADANIPORTS,2016-11-17,2016-12-16,0.03333333333333333,267.0,286.0,0.002372034956304619
1343,ALBK,2016-11-17,2016-12-16,0.03333333333333333,71.05,68.05,-0.0014074595355383535
1344,ALKEM,2016-11-17,2016-12-16,0.03333333333333333,1655.0,1638.0,-0.00034239677744209466
1345,BANKBARODA,2016-11-17,2016-12-16,0.03333333333333333,174.8,160.5,-0.002726926010678873
1346,BANKINDIA,2016-11-17,2016-12-16,0.03333333333333333,121.55,114.5,-0.0019333607568901678
1347,BHARATFORG,2016-11-17,2016-12-16,0.03333333333333333,452.0,491.5,0.0029129793510324483
1348,CANBK,2016-11-17,2016-12-16,0.03333333333333333,321.0,304.85,-0.0016770508826583568
1349,DRREDDY,2016-11-17,2016-12-16,0.03333333333333333,3182.5,3117.0,-0.0006860434668761455
1350,GAIL,2016-11-17,2016-12-16,0.03333333333333333,120.1311549550568,118.15252416756175,-0.0005490196078431362
1351,HINDALCO,2016-11-17,2016-12-16,0.03333333333333333,164.0,176.9,0.002621951219512196
1352,INDIANB,2016-11-17,2016-12-16,0.03333333333333333,243.0,241.1,-0.0002606310013717429
1353,INOXWIND,2016-11-17,2016-12-16,0.03333333333333333,186.0,205.0,0.003405017921146953
1354,JUBLFOOD,2016-11-17,2016-12-16,0.03333333333333333,442.5,418.0,-0.0018455743879472694
1355,KSCL,2016-11-17,2016-12-16,0.03333333333333333,383.0,391.0,0.0006962576153176675
1356,NATCOPHARM,2016-11-17,2016-12-16,0.03333333333333333,640.1,591.9,-0.002510024475342397
1357,OBEROIRLTY,2016-11-17,2016-12-16,0.03333333333333333,281.1,307.75,0.0031602039606308517
1358,PNB,2016-11-17,2016-12-16,0.03333333333333333,149.65,126.5,-0.00515647622229647
1359,POWERGRID,2016-11-17,2016-12-16,0.03333333333333333,187.95,183.55,-0.0007803493837013351
1360,SBIN,2016-11-17,2016-12-16,0.03333333333333333,278.0,266.35,-0.0013968824940047936
1361,TATACOMM,2016-11-17,2016-12-16,0.03333333333333333,403.8,425.8333333333333,0.001818832205162069
1362,TATAMTRDVR,2016-11-17,2016-12-16,0.03333333333333333,290.55,298.0,0.0008547008547008534
1363,TATASTEEL,2016-11-17,2016-12-16,0.03333333333333333,393.5,422.8,0.002481999152901314
1364,TECHM,2016-11-17,2016-12-16,0.03333333333333333,447.0,481.4,0.0025652498135719593
1365,UNIONBANK,2016-11-17,2016-12-16,0.03333333333333333,147.85,141.0,-0.0015443580205162877
1366,VAKRANGEE,2016-11-17,2016-12-16,0.03333333333333333,126.5,136.5,0.0026350461133069825
1367,VAKRANGEE,2016-11-17,2016-12-16,0.03333333333333333,126.5,136.5,0.0026350461133069825
1368,VOLTAS,2016-11-17,2016-12-16,0.03333333333333333,318.95,321.9,0.00030830328682656516
1369,JSWSTEEL,2016-11-17,2016-12-16,0.03333333333333333,170.0,164.4,-0.0010980392156862734
1370,BEL,2016-11-17,2016-12-16,0.03333333333333333,129.655,144.9,0.003919375779311764
1371,IDFCFIRSTB,2016-11-17,2016-12-16,0.03333333333333333,72.8,64.45,-0.003823260073260071
1372,ADANIPORTS,2016-12-14,2017-01-12,0.03333333333333333,287.45,297.0,0.0011074389748941859
1373,BHARATFORG,2016-12-14,2017-01-12,0.03333333333333333,502.5,478.5,-0.001592039800995025
1374,BHARTIARTL,2016-12-14,2017-01-12,0.03333333333333333,328.1,323.45,-0.00047241694605303607
1375,BIOCON,2016-12-14,2017-01-12,0.03333333333333333,156.0,170.66666666666666,0.0031339031339031316
1376,CESC,2016-12-14,2017-01-12,0.03333333333333333,629.0,668.95,0.0021171171171171193
1377,CIPLA,2016-12-14,2017-01-12,0.03333333333333333,579.0,573.95,-0.0002907311456534228
1378,COROMANDEL,2016-12-14,2017-01-12,0.03333333333333333,280.0,335.45,0.006601190476190475
1379,ENGINERSIN,2016-12-14,2017-01-12,0.03333333333333333,156.4,156.8,8.525149190110949e-05
1380,GAIL,2016-12-14,2017-01-12,0.03333333333333333,120.1311549550568,125.78438577647124,0.0015686274509803925
1381,INOXWIND,2016-12-14,2017-01-12,0.03333333333333333,205.8,184.85,-0.003393262066731457
1382,INOXWIND,2016-12-14,2017-01-12,0.03333333333333333,205.8,184.85,-0.003393262066731457
1383,JINDALSTEL,2016-12-14,2017-01-12,0.03333333333333333,77.0,81.8,0.0020779220779220766
1384,KSCL,2016-12-14,2017-01-12,0.03333333333333333,444.8,436.55,-0.0006182553956834533
1385,MINDTREE,2016-12-14,2017-01-12,0.03333333333333333,498.9,490.95,-0.0005311685708558823
1386,MRF,2016-12-14,2017-01-12,0.03333333333333333,52216.0,55530.1,0.0021156350543894585
1387,NIITTECH,2016-12-14,2017-01-12,0.03333333333333333,427.15,430.55,0.00026532443716103117
1388,NTPC,2016-12-14,2017-01-12,0.03333333333333333,165.1,165.0,-2.018978396931038e-05
1389,OBEROIRLTY,2016-12-14,2017-01-12,0.03333333333333333,301.0,310.5,0.001052048726467331
1390,OIL,2016-12-14,2017-01-12,0.03333333333333333,222.5062656641604,230.76666666666665,0.0012374784110535393
1391,ONGC,2016-12-14,2017-01-12,0.03333333333333333,206.76666666666665,198.5,-0.001332688484066847
1392,PEL,2016-12-14,2017-01-12,0.03333333333333333,1730.0,1749.9,0.00038342967244701524
1393,PFIZER,2016-12-14,2017-01-12,0.03333333333333333,1873.0,1792.2,-0.001437978287951592
1394,RELIANCE,2016-12-14,2017-01-12,0.03333333333333333,519.9,543.5,0.001513111495800476
1395,TATACOMM,2016-12-14,2017-01-12,0.03333333333333333,421.3333333333333,424.0,0.0002109704641350226
1396,TATAELXSI,2016-12-14,2017-01-12,0.03333333333333333,744.0,700.0,-0.0019713261648745518
1397,TATAPOWER,2016-12-14,2017-01-12,0.03333333333333333,77.9,77.0,-0.00038510911424903966
1398,TECHM,2016-12-14,2017-01-12,0.03333333333333333,484.0,475.0,-0.0006198347107438016
1399,TORNTPOWER,2016-12-14,2017-01-12,0.03333333333333333,186.0,179.45,-0.0011738351254480307
1400,VAKRANGEE,2016-12-14,2017-01-12,0.03333333333333333,134.0,135.2,0.00029850746268656435
1401,BEL,2016-12-14,2017-01-12,0.03333333333333333,147.73,153.145,0.0012218235971028274
1402,NAVINFLUOR,2017-01-12,2017-02-10,0.03333333333333333,569.0,526.28,-0.0025026362038664336
1403,MARUTI,2017-01-12,2017-02-10,0.03333333333333333,5770.0,6170.0,0.0023108030040439056
1404,OIL,2017-01-12,2017-02-10,0.03333333333333333,230.76666666666665,231.46666666666667,0.0001011122345803867
1405,JSWSTEEL,2017-01-12,2017-02-10,0.03333333333333333,188.25,194.1,0.0010358565737051783
1406,INDUSINDBK,2017-01-12,2017-02-10,0.03333333333333333,1234.1,1311.2,0.0020824892634308443
1407,COROMANDEL,2017-01-12,2017-02-10,0.03333333333333333,335.45,344.0,0.0008496050081979442
1408,IRB,2017-01-12,2017-02-10,0.03333333333333333,216.4,237.25,0.003211645101663585
1409,NBCC,2017-01-12,2017-02-10,0.03333333333333333,82.30538922155688,84.13173652694611,0.0007396629077240259
1410,GODREJCP,2017-01-12,2017-02-10,0.03333333333333333,528.9499999999999,523.3333333333334,-0.0003539506989738514
1411,ASHOKLEY,2017-01-12,2017-02-10,0.03333333333333333,85.5,95.7,0.003976608187134504
1412,YESBANK,2017-01-12,2017-02-10,0.03333333333333333,263.8,282.4,0.0023502653525397984
1413,NMDC,2017-01-12,2017-02-10,0.03333333333333333,141.2,148.5,0.0017233238904627035
1414,RAJESHEXPO,2017-01-12,2017-02-10,0.03333333333333333,508.5,497.95,-0.0006915765322844976
1415,L&TFH,2017-01-12,2017-02-10,0.03333333333333333,96.8,107.5,0.003684573002754822
1416,ADANIENT,2017-01-12,2017-02-10,0.03333333333333333,80.6,94.0,0.005541770057899092
1417,SRTRANSFIN,2017-01-12,2017-02-10,0.03333333333333333,972.0,953.0,-0.0006515775034293552
1418,MRF,2017-01-12,2017-02-10,0.03333333333333333,55530.1,51850.0,-0.0022090721968806098
1419,RAMCOCEM,2017-01-12,2017-02-10,0.03333333333333333,624.7,684.8,0.0032068726321967827
1420,BATAINDIA,2017-01-12,2017-02-10,0.03333333333333333,485.6,513.45,0.0019117243272926978
1421,TATAMOTORS,2017-01-12,2017-02-10,0.03333333333333333,521.7,513.0,-0.0005558750239601332
1422,SRF,2017-01-12,2017-02-10,0.03333333333333333,1660.0,1744.0,0.0016867469879518072
1423,HAVELLS,2017-01-12,2017-02-10,0.03333333333333333,371.9,442.5,0.006327865913776107
1424,CESC,2017-01-12,2017-02-10,0.03333333333333333,668.95,829.0,0.007975184991404436
1425,TATACOMM,2017-01-12,2017-02-10,0.03333333333333333,424.0,517.9,0.007382075471698111
1426,TATASTEEL,2017-01-12,2017-02-10,0.03333333333333333,449.0,467.0,0.0013363028953229399
1427,JINDALSTEL,2017-01-12,2017-02-10,0.03333333333333333,81.8,92.35,0.004299103504482477
1428,JETAIRWAYS,2017-01-12,2017-02-10,0.03333333333333333,388.0,376.8,-0.0009621993127147757
1429,HINDPETRO,2017-01-12,2017-02-10,0.03333333333333333,326.73333333333335,385.26666666666665,0.005971570427803846
1430,TITAN,2017-01-12,2017-02-10,0.03333333333333333,360.95,427.0,0.006099644456757632
1431,STAR,2017-01-12,2017-02-10,0.03333333333333333,1155.0,1205.0,0.001443001443001443
1432,CESC,2017-02-14,2017-03-15,0.03333333333333333,870.95,824.65,-0.0017720114051706017
1433,GPPL,2017-02-14,2017-03-15,0.03333333333333333,163.05,159.7,-0.0006848614944291163
1434,GODREJIND,2017-02-14,2017-03-15,0.03333333333333333,514.45,503.0,-0.0007418926361486406
1435,ALKEM,2017-02-14,2017-03-15,0.03333333333333333,1845.0,1945.95,0.0018238482384823856
1436,IRB,2017-02-14,2017-03-15,0.03333333333333333,232.0,231.0,-0.00014367816091954023
1437,KARURVYSYA,2017-02-14,2017-03-15,0.03333333333333333,94.5,97.5,0.0010582010582010583
1438,SUNTV,2017-02-14,2017-03-15,0.03333333333333333,718.8,744.0,0.0011686143572621056
1439,BHARATFIN,2017-02-14,2017-03-15,0.03333333333333333,834.25,809.0,-0.001008890220757167
1440,DHFL,2017-02-14,2017-03-15,0.03333333333333333,306.75,345.0,0.004156479217603912
1441,BHEL,2017-02-14,2017-03-15,0.03333333333333333,103.26666666666667,108.0,0.0015278674413600174
1442,YESBANK,2017-02-14,2017-03-15,0.03333333333333333,291.34000000000003,305.3,0.0015972174549781445
1443,JUBLFOOD,2017-02-14,2017-03-15,0.03333333333333333,508.0,550.025,0.0027575459317585285
1444,GRUH,2017-02-14,2017-03-15,0.03333333333333333,183.975,186.75,0.0005027857045794276
1445,TITAN,2017-02-14,2017-03-15,0.03333333333333333,429.7,465.0,0.0027383445814909636
1446,WELSPUNIND,2017-02-14,2017-03-15,0.03333333333333333,91.0,86.05,-0.0018131868131868142
1447,BHARTIARTL,2017-02-14,2017-03-15,0.03333333333333333,357.5,360.0,0.0002331002331002331
1448,HINDPETRO,2017-02-14,2017-03-15,0.03333333333333333,386.6666666666667,346.6333333333334,-0.0034511494252873537
1449,EXIDEIND,2017-02-14,2017-03-15,0.03333333333333333,218.0,216.15,-0.0002828746177370022
1450,FEDERALBNK,2017-02-14,2017-03-15,0.03333333333333333,84.0,85.3,0.0005158730158730147
1451,BAJAJFINSV,2017-02-14,2017-03-15,0.03333333333333333,3639.9,3940.0,0.0027482439993772715
1452,L&TFH,2017-02-14,2017-03-15,0.03333333333333333,109.9,121.55,0.0035335153169548045
1453,IBULHSGFIN,2017-02-14,2017-03-15,0.03333333333333333,836.0,909.85,0.00294457735247209
1454,IDEA,2017-02-14,2017-03-15,0.03333333333333333,107.3,103.2,-0.0012736874805840304
1455,EICHERMOT,2017-02-14,2017-03-15,0.03333333333333333,24952.0,23990.0,-0.001285134124185102
1456,INDUSINDBK,2017-02-14,2017-03-15,0.03333333333333333,1342.85,1363.5,0.0005125913790321602
1457,HAVELLS,2017-02-14,2017-03-15,0.03333333333333333,435.0,423.75,-0.0008620689655172414
1458,ULTRACEMCO,2017-02-14,2017-03-15,0.03333333333333333,3772.0,4005.95,0.0020674266525273935
1459,CENTURYTEX,2017-02-14,2017-03-15,0.03333333333333333,370.8,388.96,0.0016325062927004645
1460,DLF,2017-02-14,2017-03-15,0.03333333333333333,148.7,146.6,-0.00047074646940147827
1461,BRITANNIA,2017-02-14,2017-03-15,0.03333333333333333,1640.0,1590.025,-0.0010157520325203232
1462,RAJESHEXPO,2017-03-16,2017-04-17,0.03333333333333333,562.4,588.15,0.0015261972498814603
1463,JUSTDIAL,2017-03-16,2017-04-17,0.03333333333333333,594.75,521.0,-0.004133389379291019
1464,DISHTV,2017-03-16,2017-04-17,0.03333333333333333,108.65,101.1,-0.002316306181929747
1465,RELIANCE,2017-03-16,2017-04-17,0.03333333333333333,655.0,682.5,0.0013994910941475826
1466,SRTRANSFIN,2017-03-16,2017-04-17,0.03333333333333333,1071.65,1058.0,-0.00042457892035646243
1467,IRB,2017-03-16,2017-04-17,0.03333333333333333,248.8,234.9,-0.0018622722400857457
1468,MRF,2017-03-16,2017-04-17,0.03333333333333333,57300.0,60720.0,0.001989528795811518
1469,JUBLFOOD,2017-03-16,2017-04-17,0.03333333333333333,554.05,504.5,-0.0029810787233402495
1470,HDFCBANK,2017-03-16,2017-04-17,0.03333333333333333,709.05,720.15,0.0005218249770820122
1471,KOTAKBANK,2017-03-16,2017-04-17,0.03333333333333333,849.2,885.0,0.001405244151358139
1472,CENTURYTEX,2017-03-16,2017-04-17,0.03333333333333333,414.02,430.0,0.0012865723072959453
1473,COLPAL,2017-03-16,2017-04-17,0.03333333333333333,965.0,1012.3,0.0016338514680483576
1474,DHFL,2017-03-16,2017-04-17,0.03333333333333333,352.0,388.0,0.003409090909090909
1475,ULTRACEMCO,2017-03-16,2017-04-17,0.03333333333333333,4024.0,4021.5,-2.07090788601723e-05
1476,GSKCONS,2017-03-16,2017-04-17,0.03333333333333333,5401.2,5317.0,-0.0005196376113949975
1477,SANOFI,2017-03-16,2017-04-17,0.03333333333333333,4463.1,4637.15,0.0012999185917112865
1478,IBULHSGFIN,2017-03-16,2017-04-17,0.03333333333333333,915.2,970.35,0.0020086684149184138
1479,LICHSGFIN,2017-03-16,2017-04-17,0.03333333333333333,590.0,632.0,0.0023728813559322033
1480,TITAN,2017-03-16,2017-04-17,0.03333333333333333,463.0,484.4,0.0015406767458603296
1481,MARICO,2017-03-16,2017-04-17,0.03333333333333333,288.2,301.0,0.0014804533888503368
1482,VOLTAS,2017-03-16,2017-04-17,0.03333333333333333,392.85,405.25,0.001052140341945609
1483,OBEROIRLTY,2017-03-16,2017-04-17,0.03333333333333333,348.95,369.0,0.0019152696183789475
1484,BHEL,2017-03-16,2017-04-17,0.03333333333333333,111.89999999999999,115.23333333333333,0.000992950054612256
1485,LT,2017-03-16,2017-04-17,0.03333333333333333,1039.3333333333333,1120.0,0.00258712850117597
1486,HEROMOTOCO,2017-03-16,2017-04-17,0.03333333333333333,3377.0,3203.0,-0.0017175007403020433
1487,RELCAPITAL,2017-03-16,2017-04-17,0.03333333333333333,563.5,604.6,0.002431233362910383
1488,YESBANK,2017-03-16,2017-04-17,0.03333333333333333,308.0,323.71999999999997,0.0017012987012986981
1489,APOLLOTYRE,2017-03-16,2017-04-17,0.03333333333333333,195.7,223.0,0.004649974450689834
1490,RBLBANK,2017-03-16,2017-04-17,0.03333333333333333,479.9,554.25,0.005164270334097383
1491,INOXWIND,2017-03-16,2017-04-17,0.03333333333333333,180.65,187.5,0.0012639542393209694
1492,NATCOPHARM,2017-04-18,2017-05-17,0.03333333333333333,993.4,949.0,-0.001489832897120998
1493,PEL,2017-04-18,2017-05-17,0.03333333333333333,2297.0,2812.0,0.007473516180525323
1494,ABB,2017-04-18,2017-05-17,0.03333333333333333,1456.0,1548.9,0.002126831501831504
1495,DLF,2017-04-18,2017-05-17,0.03333333333333333,173.0,211.8,0.007475915221579963
1496,IOC,2017-04-18,2017-05-17,0.03333333333333333,213.5,223.575,0.0015729898516783744
1497,CENTURYTEX,2017-04-18,2017-05-17,0.03333333333333333,452.38,472.0,0.00144568725407843
1498,LICHSGFIN,2017-04-18,2017-05-17,0.03333333333333333,640.45,696.0,0.0028911962942722537
1499,QUESS,2017-04-18,2017-05-17,0.03333333333333333,755.5,840.0,0.0037282153099492607
1500,DHFL,2017-04-18,2017-05-17,0.03333333333333333,402.0,424.5,0.0018656716417910447
1501,TATACHEM,2017-04-18,2017-05-17,0.03333333333333333,631.0,645.0,0.0007395668251452721
1502,ENGINERSIN,2017-04-18,2017-05-17,0.03333333333333333,162.0,174.0,0.0024691358024691358
1503,INDIGO,2017-04-18,2017-05-17,0.03333333333333333,1091.15,1115.65,0.000748445829323802
1504,SRF,2017-04-18,2017-05-17,0.03333333333333333,1714.0,1845.0,0.0025476468300272264
1505,JUBLFOOD,2017-04-18,2017-05-17,0.03333333333333333,495.0,522.0,0.0018181818181818182
1506,APOLLOTYRE,2017-04-18,2017-05-17,0.03333333333333333,229.95,234.1,0.0006015800536348491
1507,BPCL,2017-04-18,2017-05-17,0.03333333333333333,483.6666666666667,488.59999999999997,0.00033999540546749
1508,TVSMOTOR,2017-04-18,2017-05-17,0.03333333333333333,474.0,531.7,0.004057665260196909
1509,HAVELLS,2017-04-18,2017-05-17,0.03333333333333333,488.0,519.7,0.0021653005464480905
1510,FORTIS,2017-04-18,2017-05-17,0.03333333333333333,204.5,208.0,0.0005704971475142624
1511,ENDURANCE,2017-04-18,2017-05-17,0.03333333333333333,827.0,806.75,-0.0008162031438935913
1512,PETRONET,2017-04-18,2017-05-17,0.03333333333333333,220.625,225.2,0.0006912181303116129
1513,ACC,2017-04-18,2017-05-17,0.03333333333333333,1504.85,1729.5,0.004976132726406842
1514,ADANIENT,2017-04-18,2017-05-17,0.03333333333333333,124.0,122.5,-0.0004032258064516129
1515,RECLTD,2017-04-18,2017-05-17,0.03333333333333333,202.6,215.55,0.0021306350773280715
1516,IBULHSGFIN,2017-04-18,2017-05-17,0.03333333333333333,980.0,1055.0,0.002551020408163265
1517,BAJFINANCE,2017-04-18,2017-05-17,0.03333333333333333,1254.4,1350.0,0.0025403911564625824
1518,HINDPETRO,2017-04-18,2017-05-17,0.03333333333333333,374.76666666666665,362.0,-0.0011355213614397093
1519,BAJAJFINSV,2017-04-18,2017-05-17,0.03333333333333333,4525.0,4575.0,0.00036832412523020257
1520,GSPL,2017-04-18,2017-05-17,0.03333333333333333,175.05,174.0,-0.0001999428734647265
1521,PRESTIGE,2017-04-18,2017-05-17,0.03333333333333333,236.4,239.0,0.00036661026508742165
1522,RAJESHEXPO,2017-05-17,2017-06-15,0.03333333333333333,642.5,664.0,0.0011154345006485085
1523,INDHOTEL,2017-05-17,2017-06-15,0.03333333333333333,144.25,128.1,-0.0037319468515309086
1524,MINDTREE,2017-05-17,2017-06-15,0.03333333333333333,507.05,521.05,0.0009203563093711956
1525,DLF,2017-05-17,2017-06-15,0.03333333333333333,211.8,188.25,-0.003706326723323892
1526,BOSCHLTD,2017-05-17,2017-06-15,0.03333333333333333,24500.0,24290.0,-0.00028571428571428574
1527,MARUTI,2017-05-17,2017-06-15,0.03333333333333333,6950.0,7348.35,0.0019105515587529993
1528,TVSMOTOR,2017-05-17,2017-06-15,0.03333333333333333,531.7,546.9,0.0009529183123315109
1529,INDIANB,2017-05-17,2017-06-15,0.03333333333333333,362.4,304.45,-0.005330206033848417
1530,EICHERMOT,2017-05-17,2017-06-15,0.03333333333333333,29262.0,29000.0,-0.0002984530562959925
1531,PEL,2017-05-17,2017-06-15,0.03333333333333333,2812.0,2994.2,0.002159791370317684
1532,JUBLFOOD,2017-05-17,2017-06-15,0.03333333333333333,522.0,479.975,-0.0026835887611749666
1533,PIDILITIND,2017-05-17,2017-06-15,0.03333333333333333,757.05,809.6,0.0023138057812121643
1534,ACC,2017-05-17,2017-06-15,0.03333333333333333,1729.5,1595.0,-0.0025922713693745784
1535,APOLLOHOSP,2017-05-17,2017-06-15,0.03333333333333333,1301.3,1320.0,0.0004790081713158648
1536,HAVELLS,2017-05-17,2017-06-15,0.03333333333333333,519.7,490.25,-0.0018889102687447913
1537,HEROMOTOCO,2017-05-17,2017-06-15,0.03333333333333333,3615.0,3786.0,0.0015767634854771785
1538,BRITANNIA,2017-05-17,2017-06-15,0.03333333333333333,1876.0,1810.0,-0.0011727078891257997
1539,ULTRACEMCO,2017-05-17,2017-06-15,0.03333333333333333,4489.95,4032.3,-0.0033975879464136546
1540,IBULHSGFIN,2017-05-17,2017-06-15,0.03333333333333333,1055.0,1161.95,0.0033791469194312806
1541,GODREJIND,2017-05-17,2017-06-15,0.03333333333333333,583.0,644.5,0.0035162950257289875
1542,PCJEWELLER,2017-05-17,2017-06-15,0.03333333333333333,229.9,258.0,0.004074235174713643
1543,FEDERALBNK,2017-05-17,2017-06-15,0.03333333333333333,115.2,115.1,-2.8935185185187653e-05
1544,NIITTECH,2017-05-17,2017-06-15,0.03333333333333333,529.0,570.4,0.0026086956521739115
1545,CESC,2017-05-17,2017-06-15,0.03333333333333333,980.0,898.0,-0.0027891156462585033
1546,SYNDIBANK,2017-05-17,2017-06-15,0.03333333333333333,90.0,80.85,-0.0033888888888888905
1547,HDFCBANK,2017-05-17,2017-06-15,0.03333333333333333,779.4,834.0,0.0023351295868616895
1548,CENTRALBK,2017-05-17,2017-06-15,0.03333333333333333,119.0,101.05,-0.005028011204481793
1549,SRF,2017-05-17,2017-06-15,0.03333333333333333,1845.0,1631.8,-0.003851851851851853
1550,HINDUNILVR,2017-05-17,2017-06-15,0.03333333333333333,1004.0,1117.5,0.0037682602921646747
1551,BAJAJ-AUTO,2017-05-17,2017-06-15,0.03333333333333333,3001.25,2819.0,-0.0020241566014160767
1552,VAKRANGEE,2017-06-13,2017-07-12,0.03333333333333333,210.625,226.45,0.002504451038575666
1553,HDFCBANK,2017-06-13,2017-07-12,0.03333333333333333,830.875,840.0,0.0003660799358106414
1554,MOTHERSUMI,2017-06-13,2017-07-12,0.03333333333333333,213.08888888888887,209.96666666666667,-0.0004884068550769955
1555,PAGEIND,2017-06-13,2017-07-12,0.03333333333333333,16380.15,16560.1,0.0003661952627621418
1556,JUBLFOOD,2017-06-13,2017-07-12,0.03333333333333333,480.575,546.55,0.004576115417295252
1557,PEL,2017-06-13,2017-07-12,0.03333333333333333,3075.0,2860.0,-0.0023306233062330623
1558,CADILAHC,2017-06-13,2017-07-12,0.03333333333333333,546.05,519.1,-0.001645148490675453
1559,MRF,2017-06-13,2017-07-12,0.03333333333333333,73401.0,69201.0,-0.0019073309627934225
1560,NAVINFLUOR,2017-06-13,2017-07-12,0.03333333333333333,643.8,634.2,-0.0004970487729108372
1561,GRUH,2017-06-13,2017-07-12,0.03333333333333333,221.5,242.025,0.0030887885628291954
1562,KARURVYSYA,2017-06-13,2017-07-12,0.03333333333333333,129.3,139.55,0.002642433616911575
1563,IBULHSGFIN,2017-06-13,2017-07-12,0.03333333333333333,1167.0,1086.0,-0.002313624678663239
1564,LICHSGFIN,2017-06-13,2017-07-12,0.03333333333333333,759.6,724.0,-0.0015622257328418475
1565,SYNDIBANK,2017-06-13,2017-07-12,0.03333333333333333,78.0,76.7,-0.0005555555555555544
1566,MUTHOOTFIN,2017-06-13,2017-07-12,0.03333333333333333,450.75,447.5,-0.00024034017378443337
1567,HDFC,2017-06-13,2017-07-12,0.03333333333333333,1642.05,1647.0,0.00010048415090892575
1568,COLPAL,2017-06-13,2017-07-12,0.03333333333333333,1081.05,1066.0,-0.00046405500824815243
1569,HINDUNILVR,2017-06-13,2017-07-12,0.03333333333333333,1096.0,1110.0,0.00042579075425790754
1570,APOLLOTYRE,2017-06-13,2017-07-12,0.03333333333333333,261.0,247.7,-0.0016985951468710104
1571,MARUTI,2017-06-13,2017-07-12,0.03333333333333333,7394.6,7485.0,0.00040750457541088376
1572,TVSMOTOR,2017-06-13,2017-07-12,0.03333333333333333,554.5,571.0,0.0009918845807033365
1573,NAUKRI,2017-06-13,2017-07-12,0.03333333333333333,1025.0,1057.0,0.001040650406504065
1574,APOLLOHOSP,2017-06-13,2017-07-12,0.03333333333333333,1342.8,1234.4,-0.0026908946479992026
1575,TATASTEEL,2017-06-13,2017-07-12,0.03333333333333333,509.0,560.0,0.0033398821218074653
1576,PGHH,2017-06-13,2017-07-12,0.03333333333333333,8043.0,8000.0,-0.00017820879439678396
1577,ADANIPORTS,2017-06-13,2017-07-12,0.03333333333333333,359.0,372.25,0.0012302692664809655
1578,PIDILITIND,2017-06-13,2017-07-12,0.03333333333333333,805.0,818.0,0.0005383022774327123
1579,ABFRL,2017-06-13,2017-07-12,0.03333333333333333,188.0,173.05,-0.002650709219858154
1580,ADANIENT,2017-06-13,2017-07-12,0.03333333333333333,129.0,133.7,0.0012144702842377232
1581,KOTAKBANK,2017-06-13,2017-07-12,0.03333333333333333,973.2,960.0,-0.00045211672831894933
1582,ACC,2017-07-14,2017-08-14,0.03333333333333333,1701.0,1764.8,0.0012502449539486568
1583,AMBUJACEM,2017-07-14,2017-08-14,0.03333333333333333,262.9,264.85,0.00024724229745150825
1584,ASHOKLEY,2017-07-14,2017-08-14,0.03333333333333333,106.0,104.7,-0.00040880503144653997
1585,AUROPHARMA,2017-07-14,2017-08-14,0.03333333333333333,723.0,711.0,-0.0005532503457814661
1586,BAJFINANCE,2017-07-14,2017-08-14,0.03333333333333333,1485.0,1721.3,0.00530415263748597
1587,BHARTIARTL,2017-07-14,2017-08-14,0.03333333333333333,405.05,413.0,0.0006542402172571278
1588,BHEL,2017-07-14,2017-08-14,0.03333333333333333,95.43333333333334,85.2,-0.003574339271160787
1589,DABUR,2017-07-14,2017-08-14,0.03333333333333333,306.0,304.15,-0.00020152505446623342
1590,DIVISLAB,2017-07-14,2017-08-14,0.03333333333333333,729.0,634.0,-0.004343850022862368
1591,GLAXO,2017-07-14,2017-08-14,0.03333333333333333,1278.0,1198.5,-0.0020735524256651015
1592,GLENMARK,2017-07-14,2017-08-14,0.03333333333333333,684.35,616.6,-0.003299968339787146
1593,GRUH,2017-07-14,2017-08-14,0.03333333333333333,253.975,235.475,-0.0024280605046428454
1594,HINDZINC,2017-07-14,2017-08-14,0.03333333333333333,276.0,271.0,-0.0006038647342995169
1595,IBULHSGFIN,2017-07-14,2017-08-14,0.03333333333333333,1133.0,1162.9,0.0008796704913209794
1596,ICICIPRULI,2017-07-14,2017-08-14,0.03333333333333333,485.7,432.2,-0.0036716766179397432
1597,INDUSINDBK,2017-07-14,2017-08-14,0.03333333333333333,1582.0,1628.5,0.0009797724399494311
1598,JINDALSTEL,2017-07-14,2017-08-14,0.03333333333333333,138.5,131.0,-0.0018050541516245488
1599,JUBLFOOD,2017-07-14,2017-08-14,0.03333333333333333,557.675,652.5,0.005667877049057848
1600,JUBLFOOD,2017-07-14,2017-08-14,0.03333333333333333,557.675,652.5,0.005667877049057848
1601,MARUTI,2017-07-14,2017-08-14,0.03333333333333333,7574.95,7516.0,-0.00025940765285579364
1602,RBLBANK,2017-07-14,2017-08-14,0.03333333333333333,549.75,492.8,-0.0034530847354858262
1603,RELIANCE,2017-07-14,2017-08-14,0.03333333333333333,760.0,780.5,0.0008991228070175439
1604,SHREECEM,2017-07-14,2017-08-14,0.03333333333333333,18850.0,17794.1,-0.001867197170645449
1605,SUNPHARMA,2017-07-14,2017-08-14,0.03333333333333333,568.9,433.0,-0.007962735102830023
1606,SYNDIBANK,2017-07-14,2017-08-14,0.03333333333333333,77.65,63.6,-0.006031337196823354
1607,TATACONSUM,2017-07-14,2017-08-14,0.03333333333333333,175.9,166.0,-0.0018760659465605466
1608,TATASTEEL,2017-07-14,2017-08-14,0.03333333333333333,564.9,607.4,0.002507818492948605
1609,NAVINFLUOR,2017-07-14,2017-08-14,0.03333333333333333,666.8,690.05,0.001162267546490702
1610,UNITDSPR,2017-07-14,2017-08-14,0.03333333333333333,531.0,490.8,-0.002523540489642184
1611,YESBANK,2017-07-14,2017-08-14,0.03333333333333333,318.37,350.4,0.0033535404298981235
1612,ADANIPORTS,2017-08-14,2017-09-11,0.03333333333333333,385.0,387.5,0.00021645021645021645
1613,BAJAJFINSV,2017-08-14,2017-09-11,0.03333333333333333,5050.0,5649.0,0.0039537953795379535
1614,BAJFINANCE,2017-08-14,2017-09-11,0.03333333333333333,1721.3,1900.0,0.0034605627529580366
1615,BATAINDIA,2017-08-14,2017-09-11,0.03333333333333333,642.0,694.7,0.0027362409138110095
1616,CROMPTON,2017-08-14,2017-09-11,0.03333333333333333,225.0,217.7,-0.0010814814814814832
1617,EDELWEISS,2017-08-14,2017-09-11,0.03333333333333333,241.0,258.0,0.002351313969571231
1618,ENDURANCE,2017-08-14,2017-09-11,0.03333333333333333,983.0,1009.95,0.0009138691081722633
1619,GODREJCP,2017-08-14,2017-09-11,0.03333333333333333,604.3333333333334,618.6666666666666,0.0007905865048722149
1620,HEROMOTOCO,2017-08-14,2017-09-11,0.03333333333333333,3850.0,3999.0,0.00129004329004329
1621,HINDPETRO,2017-08-14,2017-09-11,0.03333333333333333,434.5,467.0,0.0024932873034138854
1622,IBULHSGFIN,2017-08-14,2017-09-11,0.03333333333333333,1162.9,1314.7,0.004351190988047122
1623,INDUSINDBK,2017-08-14,2017-09-11,0.03333333333333333,1628.5,1711.0,0.0016886705557261283
1624,JUBLFOOD,2017-08-14,2017-09-11,0.03333333333333333,652.5,697.0,0.00227330779054917
1625,JUBLFOOD,2017-08-14,2017-09-11,0.03333333333333333,652.5,697.0,0.00227330779054917
1626,M&MFIN,2017-08-14,2017-09-11,0.03333333333333333,412.0,447.35,0.0028600323624595487
1627,PCJEWELLER,2017-08-14,2017-09-11,0.03333333333333333,298.15,354.15,0.006260830678070323
1628,RELCAPITAL,2017-08-14,2017-09-11,0.03333333333333333,758.3,766.0,0.00033847641654578424
1629,SYNDIBANK,2017-08-14,2017-09-11,0.03333333333333333,63.6,63.55,-2.6205450733754855e-05
1630,TATASTEEL,2017-08-14,2017-09-11,0.03333333333333333,607.4,657.0,0.00272198441444408
1631,TECHM,2017-08-14,2017-09-11,0.03333333333333333,404.0,435.0,0.0025577557755775576
1632,TITAN,2017-08-14,2017-09-11,0.03333333333333333,611.0,637.0,0.0014184397163120568
1633,TORNTPOWER,2017-08-14,2017-09-11,0.03333333333333333,197.35,225.0,0.004670213664386455
1634,VAKRANGEE,2017-08-14,2017-09-11,0.03333333333333333,222.025,237.0,0.002248245317719475
1635,WELSPUNIND,2017-08-14,2017-09-11,0.03333333333333333,72.75,79.5,0.0030927835051546395
1636,WIPRO,2017-08-14,2017-09-11,0.03333333333333333,218.08270676691728,226.61654135338344,0.001304372809285754
1637,IGL,2017-08-14,2017-09-11,0.03333333333333333,247.88000000000002,280.78000000000003,0.004424183744822764
1638,INFY,2017-08-14,2017-09-11,0.03333333333333333,494.0,445.2,-0.00329284750337382
1639,IOC,2017-08-14,2017-09-11,0.03333333333333333,206.7,216.5,0.0015803902596355445
1640,BRITANNIA,2017-08-14,2017-09-11,0.03333333333333333,2061.675,2145.0,0.0013472055488862181
1641,YESBANK,2017-08-14,2017-09-11,0.03333333333333333,350.4,359.25,0.000841894977168952
1642,DIVISLAB,2017-09-14,2017-10-13,0.03333333333333333,834.45,885.9,0.0020552459703996615
1643,TATASTEEL,2017-09-14,2017-10-13,0.03333333333333333,679.5,697.55,0.0008854549914152541
1644,ASIANPAINT,2017-09-14,2017-10-13,0.03333333333333333,1258.0,1158.8,-0.0026285108638049825
1645,PAGEIND,2017-09-14,2017-10-13,0.03333333333333333,18738.35,18680.0,-0.00010379782638278993
1646,JSWENERGY,2017-09-14,2017-10-13,0.03333333333333333,78.0,81.2,0.0013675213675213686
1647,DHFL,2017-09-14,2017-10-13,0.03333333333333333,557.7,533.0,-0.001476301476301479
1648,IBULHSGFIN,2017-09-14,2017-10-13,0.03333333333333333,1274.9,1275.0,2.614584150388502e-06
1649,RELIANCE,2017-09-14,2017-10-13,0.03333333333333333,855.8,879.3,0.0009153228947573421
1650,RAMCOCEM,2017-09-14,2017-10-13,0.03333333333333333,747.55,694.0,-0.0023878001471473458
1651,MARICO,2017-09-14,2017-10-13,0.03333333333333333,337.75,320.5,-0.001702442635085122
1652,GPPL,2017-09-14,2017-10-13,0.03333333333333333,148.9,140.5,-0.0018804566823371403
1653,MARUTI,2017-09-14,2017-10-13,0.03333333333333333,8139.95,7900.0,-0.0009826022682367002
1654,IGL,2017-09-14,2017-10-13,0.03333333333333333,281.2,307.8,0.0031531531531531556
1655,LT,2017-09-14,2017-10-13,0.03333333333333333,1223.55,1143.65,-0.002176726192908609
1656,HDFCBANK,2017-09-14,2017-10-13,0.03333333333333333,920.075,913.35,-0.00024363955836933666
1657,SHREECEM,2017-09-14,2017-10-13,0.03333333333333333,18869.0,18780.0,-0.00015722437154415533
1658,GAIL,2017-09-14,2017-10-13,0.03333333333333333,154.02255639097743,168.796992481203,0.003197461557237006
1659,NATIONALUM,2017-09-14,2017-10-13,0.03333333333333333,82.4,87.1,0.0019012944983818722
1660,ASHOKLEY,2017-09-14,2017-10-13,0.03333333333333333,117.5,126.55,0.002567375886524822
1661,TATACHEM,2017-09-14,2017-10-13,0.03333333333333333,651.25,694.65,0.002221369161868201
1662,IPCALAB,2017-09-14,2017-10-13,0.03333333333333333,482.2,503.0,0.001437854278999033
1663,VEDL,2017-09-14,2017-10-13,0.03333333333333333,325.9,320.4,-0.0005625447478776721
1664,HINDUNILVR,2017-09-14,2017-10-13,0.03333333333333333,1262.1,1238.0,-0.0006365052954071232
1665,BERGEPAINT,2017-09-14,2017-10-13,0.03333333333333333,270.25,259.2,-0.0013629355534998473
1666,TATAPOWER,2017-09-14,2017-10-13,0.03333333333333333,85.05,82.6,-0.0009602194787379985
1667,MGL,2017-09-14,2017-10-13,0.03333333333333333,1142.7,1171.1,0.0008284472448294933
1668,OIL,2017-09-14,2017-10-13,0.03333333333333333,213.9333333333333,231.9333333333333,0.002804612028669368
1669,COLPAL,2017-09-14,2017-10-13,0.03333333333333333,1154.25,1108.0,-0.0013356436358385676
1670,BHARATFORG,2017-09-14,2017-10-13,0.03333333333333333,615.0,648.0,0.001788617886178862
1671,WELSPUNIND,2017-09-14,2017-10-13,0.03333333333333333,75.9,67.1,-0.003864734299516913
1672,NATCOPHARM,2017-10-13,2017-11-13,0.03333333333333333,993.0,918.0,-0.0025176233635448137
1673,NBCC,2017-10-13,2017-11-13,0.03333333333333333,122.0,137.0,0.004098360655737705
1674,BRITANNIA,2017-10-13,2017-11-13,0.03333333333333333,2275.0,2387.5,0.0016483516483516484
1675,DMART,2017-10-13,2017-11-13,0.03333333333333333,1285.0,1166.0,-0.003086900129701686
1676,TVSMOTOR,2017-10-13,2017-11-13,0.03333333333333333,695.5,710.0,0.0006949436855978912
1677,TATACHEM,2017-10-13,2017-11-13,0.03333333333333333,694.65,720.0,0.0012164399337796024
1678,NIITTECH,2017-10-13,2017-11-13,0.03333333333333333,613.0,630.7,0.0009624796084828736
1679,SRF,2017-10-13,2017-11-13,0.03333333333333333,1751.0,1720.0,-0.0005901389682086426
1680,COALINDIA,2017-10-13,2017-11-13,0.03333333333333333,282.6,276.2,-0.0007548950224109499
1681,INFRATEL,2017-10-13,2017-11-13,0.03333333333333333,434.95,429.4,-0.0004253362455454659
1682,COROMANDEL,2017-10-13,2017-11-13,0.03333333333333333,485.0,512.0,0.0018556701030927835
1683,GPPL,2017-10-13,2017-11-13,0.03333333333333333,140.5,134.15,-0.001506524317912217
1684,HCLTECH,2017-10-13,2017-11-13,0.03333333333333333,919.75,864.5,-0.0020023557126030624
1685,HINDALCO,2017-10-13,2017-11-13,0.03333333333333333,264.7,264.0,-8.815010703941425e-05
1686,TECHM,2017-10-13,2017-11-13,0.03333333333333333,474.4,487.0,0.0008853288364249595
1687,MOTHERSUMI,2017-10-13,2017-11-13,0.03333333333333333,239.33333333333334,234.23333333333335,-0.000710306406685236
1688,NTPC,2017-10-13,2017-11-13,0.03333333333333333,178.0,178.05,9.363295880151941e-06
1689,LUPIN,2017-10-13,2017-11-13,0.03333333333333333,1055.0,840.2,-0.006786729857819904
1690,GAIL,2017-10-13,2017-11-13,0.03333333333333333,168.796992481203,172.21804511278197,0.0006755753526354886
1691,SANOFI,2017-10-13,2017-11-13,0.03333333333333333,4299.9,4451.05,0.0011717326759537088
1692,IGL,2017-10-13,2017-11-13,0.03333333333333333,307.8,322.9,0.0016352609919861344
1693,SUNPHARMA,2017-10-13,2017-11-13,0.03333333333333333,541.25,526.8,-0.0008899153194765232
1694,M&M,2017-10-13,2017-11-13,0.03333333333333333,669.0,704.0,0.0017438963627304435
1695,DABUR,2017-10-13,2017-11-13,0.03333333333333333,327.35,344.0,0.001695433022758513
1696,JSWENERGY,2017-10-13,2017-11-13,0.03333333333333333,81.2,82.9,0.000697865353037768
1697,RELIANCE,2017-10-13,2017-11-13,0.03333333333333333,879.3,885.0,0.00021608097350165077
1698,ADANIPORTS,2017-10-13,2017-11-13,0.03333333333333333,406.5,433.0,0.0021730217302173022
1699,RAJESHEXPO,2017-10-13,2017-11-13,0.03333333333333333,821.5,783.5,-0.0015418949076891864
1700,TCS,2017-10-13,2017-11-13,0.03333333333333333,1274.1,1351.025,0.0020125317217382253
1701,PETRONET,2017-10-13,2017-11-13,0.03333333333333333,255.85,263.3,0.000970620806462122
1702,GSKCONS,2017-11-14,2017-12-13,0.03333333333333333,6000.0,6266.65,0.001481388888888887
1703,BALKRISIND,2017-11-14,2017-12-13,0.03333333333333333,1024.375,1213.5,0.00615415904006508
1704,PAGEIND,2017-11-14,2017-12-13,0.03333333333333333,22400.0,22750.0,0.0005208333333333333
1705,INDIANB,2017-11-14,2017-12-13,0.03333333333333333,406.45,375.0,-0.002579243039324229
1706,AMARAJABAT,2017-11-14,2017-12-13,0.03333333333333333,788.0,771.85,-0.0006831641285955997
1707,VAKRANGEE,2017-11-14,2017-12-13,0.03333333333333333,328.5,374.2,0.004637239979705732
1708,TCS,2017-11-14,2017-12-13,0.03333333333333333,1378.275,1305.7,-0.0017552133403469323
1709,ADANIENT,2017-11-14,2017-12-13,0.03333333333333333,152.0,150.0,-0.0004385964912280702
1710,LALPATHLAB,2017-11-14,2017-12-13,0.03333333333333333,870.0,885.0,0.0005747126436781609
1711,EMAMILTD,2017-11-14,2017-12-13,0.03333333333333333,630.0,634.05,0.0002142857142857119
1712,BRITANNIA,2017-11-14,2017-12-13,0.03333333333333333,2453.5,2430.0,-0.00031927178860131786
1713,ALKEM,2017-11-14,2017-12-13,0.03333333333333333,1991.0,2125.0,0.0022434287627657794
1714,UBL,2017-11-14,2017-12-13,0.03333333333333333,1111.9,1016.0,-0.002874958779266723
1715,JUBLFOOD,2017-11-14,2017-12-13,0.03333333333333333,851.0,863.975,0.00050822561692127
1716,TITAN,2017-11-14,2017-12-13,0.03333333333333333,765.0,821.5,0.0024618736383442267
1717,SRTRANSFIN,2017-11-14,2017-12-13,0.03333333333333333,1279.95,1363.0,0.002162844902795681
1718,GLAXO,2017-11-14,2017-12-13,0.03333333333333333,1309.5,1220.5,-0.0022654957362861143
1719,PIDILITIND,2017-11-14,2017-12-13,0.03333333333333333,832.0,896.0,0.002564102564102564
1720,VOLTAS,2017-11-14,2017-12-13,0.03333333333333333,576.9,627.65,0.0029323395158028544
1721,BANKINDIA,2017-11-14,2017-12-13,0.03333333333333333,199.35,177.65,-0.003628459158933198
1722,WOCKPHARMA,2017-11-14,2017-12-13,0.03333333333333333,728.2,737.25,0.0004142634807287354
1723,ADANIPORTS,2017-11-14,2017-12-13,0.03333333333333333,413.35,401.8,-0.0009314140558848443
1724,PIIND,2017-11-14,2017-12-13,0.03333333333333333,843.0,944.85,0.004027283511269277
1725,CROMPTON,2017-11-14,2017-12-13,0.03333333333333333,245.0,262.0,0.0023129251700680273
1726,SBIN,2017-11-14,2017-12-13,0.03333333333333333,330.35,316.15,-0.0014328237727662624
1727,MRF,2017-11-14,2017-12-13,0.03333333333333333,68624.9,66774.0,-0.0008990419901036866
1728,MPHASIS,2017-11-14,2017-12-13,0.03333333333333333,728.5,715.0,-0.0006177076183939602
1729,M&M,2017-11-14,2017-12-13,0.03333333333333333,709.5,710.9,6.577401926239028e-05
1730,UNITDSPR,2017-11-14,2017-12-13,0.03333333333333333,598.0,680.4300000000001,0.0045947603121516195
1731,MINDTREE,2017-11-14,2017-12-13,0.03333333333333333,511.0,564.95,0.0035192433137638647
1732,GSKCONS,2017-12-12,2018-01-10,0.03333333333333333,6200.0,6271.0,0.0003817204301075269
1733,BIOCON,2017-12-12,2018-01-10,0.03333333333333333,262.0,272.5,0.0013358778625954199
1734,MARUTI,2017-12-12,2018-01-10,0.03333333333333333,9150.0,9387.8,0.0008663023679417095
1735,VAKRANGEE,2017-12-12,2018-01-10,0.03333333333333333,382.45,437.75,0.004819802152786858
1736,AIAENG,2017-12-12,2018-01-10,0.03333333333333333,1527.95,1550.0,0.0004810366831375362
1737,OFSS,2017-12-12,2018-01-10,0.03333333333333333,3863.0,4058.0,0.0016826300802485115
1738,BALKRISIND,2017-12-12,2018-01-10,0.03333333333333333,1195.0,1183.0,-0.00033472803347280337
1739,APOLLOHOSP,2017-12-12,2018-01-10,0.03333333333333333,1199.85,1174.0,-0.0007181453237210182
1740,PIDILITIND,2017-12-12,2018-01-10,0.03333333333333333,893.0,915.1,0.0008249346771183287
1741,M&MFIN,2017-12-12,2018-01-10,0.03333333333333333,478.6,484.0,0.000376096949435853
1742,TATACONSUM,2017-12-12,2018-01-10,0.03333333333333333,298.6,315.0,0.0018307657959365901
1743,SPARC,2017-12-12,2018-01-10,0.03333333333333333,464.65,508.0,0.003109867642311419
1744,PCJEWELLER,2017-12-12,2018-01-10,0.03333333333333333,429.7,533.05,0.008017221317198044
1745,PEL,2017-12-12,2018-01-10,0.03333333333333333,2886.0,2892.0,6.930006930006931e-05
1746,HINDUNILVR,2017-12-12,2018-01-10,0.03333333333333333,1319.1,1361.35,0.0010676471331463372
1747,TVSMOTOR,2017-12-12,2018-01-10,0.03333333333333333,758.0,770.5,0.0005496921723834653
1748,AJANTPHARM,2017-12-12,2018-01-10,0.03333333333333333,1433.0,1515.0,0.0019074203303093744
1749,TORNTPHARM,2017-12-12,2018-01-10,0.03333333333333333,1334.0,1399.7,0.001641679160419791
1750,HAVELLS,2017-12-12,2018-01-10,0.03333333333333333,538.5,551.75,0.0008201795109873104
1751,COLPAL,2017-12-12,2018-01-10,0.03333333333333333,1084.7,1118.0,0.0010233244214990307
1752,GODREJCP,2017-12-12,2018-01-10,0.03333333333333333,682.1,658.6666666666666,-0.0011451562983596439
1753,ADANIPORTS,2017-12-12,2018-01-10,0.03333333333333333,391.5,422.0,0.002596849723286505
1754,SANOFI,2017-12-12,2018-01-10,0.03333333333333333,4639.5,4835.0,0.0014046053813270107
1755,UNITDSPR,2017-12-12,2018-01-10,0.03333333333333333,691.2,771.9399999999999,0.0038937114197530815
1756,BHARTIARTL,2017-12-12,2018-01-10,0.03333333333333333,533.1,515.0,-0.0011317451384980943
1757,GODREJIND,2017-12-12,2018-01-10,0.03333333333333333,597.0,608.0,0.0006141820212171971
1758,DLF,2017-12-12,2018-01-10,0.03333333333333333,236.95,270.6,0.004733769430962936
1759,CESC,2017-12-12,2018-01-10,0.03333333333333333,1011.0,1130.1,0.0039268051434223515
1760,TATACOMM,2017-12-12,2018-01-10,0.03333333333333333,480.0,455.2,-0.0017222222222222229
1761,RAJESHEXPO,2017-12-12,2018-01-10,0.03333333333333333,806.8,826.9,0.0008304412493802686
1762,ADANIENT,2018-01-12,2018-02-12,0.03333333333333333,202.0,211.2,0.0015181518151815164
1763,INDHOTEL,2018-01-12,2018-02-12,0.03333333333333333,143.7,137.3,-0.0014845743446996005
1764,OBEROIRLTY,2018-01-12,2018-02-12,0.03333333333333333,559.0,458.0,-0.006022659511031604
1765,GLENMARK,2018-01-12,2018-02-12,0.03333333333333333,630.0,540.0,-0.004761904761904762
1766,PCJEWELLER,2018-01-12,2018-02-12,0.03333333333333333,541.1,375.0,-0.0102322429618678
1767,COALINDIA,2018-01-12,2018-02-12,0.03333333333333333,309.0,303.9,-0.0005501618122977371
1768,LUPIN,2018-01-12,2018-02-12,0.03333333333333333,931.0,828.8,-0.003659147869674187
1769,CESC,2018-01-12,2018-02-12,0.03333333333333333,1185.95,1009.95,-0.004946807763115364
1770,JINDALSTEL,2018-01-12,2018-02-12,0.03333333333333333,266.8,279.5,0.0015867066466766601
1771,SHREECEM,2018-01-12,2018-02-12,0.03333333333333333,19799.9,17200.0,-0.004376958132785185
1772,TECHM,2018-01-12,2018-02-12,0.03333333333333333,550.0,598.0,0.0029090909090909093
1773,BHEL,2018-01-12,2018-02-12,0.03333333333333333,104.0,95.1,-0.0028525641025641045
1774,APLLTD,2018-01-12,2018-02-12,0.03333333333333333,574.0,554.0,-0.0011614401858304297
1775,YESBANK,2018-01-12,2018-02-12,0.03333333333333333,344.1,326.6,-0.0016952436307275016
1776,SAIL,2018-01-12,2018-02-12,0.03333333333333333,98.6,95.35,-0.001098715348208249
1777,GODREJIND,2018-01-12,2018-02-12,0.03333333333333333,645.0,557.8,-0.004506459948320415
1778,SIEMENS,2018-01-12,2018-02-12,0.03333333333333333,1300.0,1237.95,-0.0015910256410256397
1779,TATASTEEL,2018-01-12,2018-02-12,0.03333333333333333,771.2,716.0,-0.002385892116182574
1780,HUDCO,2018-01-12,2018-02-12,0.03333333333333333,86.75,80.1,-0.002555235350624402
1781,PRESTIGE,2018-01-12,2018-02-12,0.03333333333333333,347.2,302.9,-0.0042530721966205845
1782,VAKRANGEE,2018-01-12,2018-02-12,0.03333333333333333,448.8,211.75,-0.017606209150326797
1783,COLPAL,2018-01-12,2018-02-12,0.03333333333333333,1123.95,1109.0,-0.00044337678129217033
1784,SUNTV,2018-01-12,2018-02-12,0.03333333333333333,1050.0,1000.1,-0.0015841269841269832
1785,INFY,2018-01-12,2018-02-12,0.03333333333333333,542.9,557.4,0.000890280591883097
1786,TATACHEM,2018-01-12,2018-02-12,0.03333333333333333,774.0,704.0,-0.0030146425495262705
1787,JUBLFOOD,2018-01-12,2018-02-12,0.03333333333333333,973.5,1007.525,0.0011650402328368423
1788,SUNPHARMA,2018-01-12,2018-02-12,0.03333333333333333,590.0,586.0,-0.00022598870056497175
1789,WELSPUNIND,2018-01-12,2018-02-12,0.03333333333333333,78.5,68.4,-0.004288747346072184
1790,LT,2018-01-12,2018-02-12,0.03333333333333333,1325.5,1334.55,0.00022758707406010195
1791,NIITTECH,2018-01-12,2018-02-12,0.03333333333333333,714.0,840.95,0.005926704014939312
1792,OBEROIRLTY,2018-02-14,2018-03-14,0.03333333333333333,466.75,555.0,0.00630244599178718
1793,GLENMARK,2018-02-14,2018-03-14,0.03333333333333333,536.1,539.0,0.00018031461791954094
1794,PCJEWELLER,2018-02-14,2018-03-14,0.03333333333333333,393.8,357.05,-0.0031107160995429155
1795,CESC,2018-02-14,2018-03-14,0.03333333333333333,1040.05,980.45,-0.0019101645754210507
1796,VAKRANGEE,2018-02-14,2018-03-14,0.03333333333333333,222.3,224.4,0.00031488978857399826
1797,IPCALAB,2018-02-14,2018-03-14,0.03333333333333333,646.5,671.3,0.00127868007218355
1798,ADANIPORTS,2018-02-14,2018-03-14,0.03333333333333333,405.0,383.1,-0.0018024691358024673
1799,ITC,2018-02-14,2018-03-14,0.03333333333333333,270.0,268.05,-0.0002407407407407393
1800,RELINFRA,2018-02-14,2018-03-14,0.03333333333333333,463.8,445.0,-0.0013511571079488293
1801,CASTROLIND,2018-02-14,2018-03-14,0.03333333333333333,199.0,205.15,0.0010301507537688452
1802,CENTURYTEX,2018-02-14,2018-03-14,0.03333333333333333,510.0,484.84,-0.001644444444444446
1803,JSWSTEEL,2018-02-14,2018-03-14,0.03333333333333333,313.8,300.2,-0.0014446568939876802
1804,BAJAJFINSV,2018-02-14,2018-03-14,0.03333333333333333,5260.0,5090.0,-0.0010773130544993663
1805,CHOLAFIN,2018-02-14,2018-03-14,0.03333333333333333,275.6,290.0,0.0017416545718432483
1806,BHARATFORG,2018-02-14,2018-03-14,0.03333333333333333,785.0,735.0,-0.0021231422505307855
1807,ADANIENT,2018-02-14,2018-03-14,0.03333333333333333,218.5,156.8,-0.009412662090007625
1808,ASHOKLEY,2018-02-14,2018-03-14,0.03333333333333333,135.45,149.2,0.0033837824535498957
1809,INDIGO,2018-02-14,2018-03-14,0.03333333333333333,1242.0,1297.0,0.0014761137949543745
1810,CIPLA,2018-02-14,2018-03-14,0.03333333333333333,622.1,578.35,-0.0023442104699137327
1811,BANKBARODA,2018-02-14,2018-03-14,0.03333333333333333,167.0,139.15,-0.005558882235528941
1812,NIITTECH,2018-02-14,2018-03-14,0.03333333333333333,829.05,898.4,0.0027883320266168113
1813,MPHASIS,2018-02-14,2018-03-14,0.03333333333333333,872.95,850.0,-0.0008763388510223969
1814,BRITANNIA,2018-02-14,2018-03-14,0.03333333333333333,2432.5,2425.125,-0.00010106200753682768
1815,TORNTPHARM,2018-02-14,2018-03-14,0.03333333333333333,1441.0,1299.0,-0.003284755956511682
1816,STAR,2018-02-14,2018-03-14,0.03333333333333333,742.9,685.0,-0.0025979270426706143
1817,JINDALSTEL,2018-02-14,2018-03-14,0.03333333333333333,276.1,227.3,-0.005891585174453701
1818,APLLTD,2018-02-14,2018-03-14,0.03333333333333333,574.0,549.9,-0.0013995354239256692
1819,SUNPHARMA,2018-02-14,2018-03-14,0.03333333333333333,590.95,523.3,-0.003815889669176754
1820,APOLLOTYRE,2018-02-14,2018-03-14,0.03333333333333333,279.9,263.1,-0.002000714540907462
1821,NAVINFLUOR,2018-02-14,2018-03-14,0.03333333333333333,830.0,799.0,-0.0012449799196787147
1822,ADANIPORTS,2018-03-15,2018-04-13,0.03333333333333333,383.6,375.8,-0.0006777893639207518
1823,ASHOKLEY,2018-03-15,2018-04-13,0.03333333333333333,149.1,145.9,-0.0007154035323049382
1824,BAJFINANCE,2018-03-15,2018-04-13,0.03333333333333333,1715.1,1931.0,0.004196062425903253
1825,BHARATFIN,2018-03-15,2018-04-13,0.03333333333333333,1052.15,1147.0,0.0030049581016648418
1826,CASTROLIND,2018-03-15,2018-04-13,0.03333333333333333,206.95,204.55,-0.0003865668035757393
1827,CENTRALBK,2018-03-15,2018-04-13,0.03333333333333333,75.65,69.1,-0.0028860982595285355
1828,CENTURYTEX,2018-03-15,2018-04-13,0.03333333333333333,483.91999999999996,484.68,5.235025073015153e-05
1829,CESC,2018-03-15,2018-04-13,0.03333333333333333,966.0,1016.1,0.0017287784679089035
1830,EXIDEIND,2018-03-15,2018-04-13,0.03333333333333333,213.25,238.45,0.003939038686987102
1831,GLENMARK,2018-03-15,2018-04-13,0.03333333333333333,554.5,558.1,0.00021641118124436567
1832,GRUH,2018-03-15,2018-04-13,0.03333333333333333,281.975,310.45,0.0033661376599580296
1833,INDUSINDBK,2018-03-15,2018-04-13,0.03333333333333333,1733.0,1857.0,0.0023850740527024427
1834,ITC,2018-03-15,2018-04-13,0.03333333333333333,267.0,263.0,-0.0004993757802746567
1835,JUBLFOOD,2018-03-15,2018-04-13,0.03333333333333333,1045.5,1242.5,0.006280886338275147
1836,NIITTECH,2018-03-15,2018-04-13,0.03333333333333333,943.0,925.0,-0.0006362672322375398
1837,NTPC,2018-03-15,2018-04-13,0.03333333333333333,169.0,169.6,0.00011834319526627106
1838,OBEROIRLTY,2018-03-15,2018-04-13,0.03333333333333333,547.35,507.0,-0.002457294235863708
1839,OBEROIRLTY,2018-03-15,2018-04-13,0.03333333333333333,547.35,507.0,-0.002457294235863708
1840,PCJEWELLER,2018-03-15,2018-04-13,0.03333333333333333,366.85,308.8,-0.0052746354095679435
1841,PGHH,2018-03-15,2018-04-13,0.03333333333333333,9445.45,9630.1,0.0006516365022312317
1842,RELINFRA,2018-03-15,2018-04-13,0.03333333333333333,454.0,454.0,0.0
1843,SANOFI,2018-03-15,2018-04-13,0.03333333333333333,5298.0,5080.0,-0.0013715867623002392
1844,TECHM,2018-03-15,2018-04-13,0.03333333333333333,641.7,652.55,0.000563607085346211
1845,TITAN,2018-03-15,2018-04-13,0.03333333333333333,864.9,986.05,0.00466913323312907
1846,VAKRANGEE,2018-03-15,2018-04-13,0.03333333333333333,237.7,132.75,-0.014717430935352684
1847,VOLTAS,2018-03-15,2018-04-13,0.03333333333333333,643.45,642.0,-7.511591162224703e-05
1848,DMART,2018-03-15,2018-04-13,0.03333333333333333,1341.0,1471.15,0.003235147899577432
1849,INFY,2018-03-15,2018-04-13,0.03333333333333333,590.0,587.0,-0.00016949152542372882
1850,CHOLAFIN,2018-03-15,2018-04-13,0.03333333333333333,292.0,305.71999999999997,0.0015662100456620969
1851,EICHERMOT,2018-03-15,2018-04-13,0.03333333333333333,28850.0,30681.0,0.0021155401502021953
1852,CESC,2018-04-16,2018-05-14,0.03333333333333333,1025.5,1065.0,0.0012839265398992361
1853,BALKRISIND,2018-04-16,2018-05-14,0.03333333333333333,1300.15,1199.45,-0.0025817533874296565
1854,EICHERMOT,2018-04-16,2018-05-14,0.03333333333333333,31400.0,30890.65,-0.0005407112526539262
1855,PIDILITIND,2018-04-16,2018-05-14,0.03333333333333333,1032.95,1105.0,0.0023250560691869546
1856,HINDUNILVR,2018-04-16,2018-05-14,0.03333333333333333,1408.9,1515.0,0.002510232569143774
1857,SRF,2018-04-16,2018-05-14,0.03333333333333333,2067.0,2246.7,0.0028979196903725175
1858,JUBLFOOD,2018-04-16,2018-05-14,0.03333333333333333,1236.5,1242.5,0.00016174686615446826
1859,DHANI,2018-04-16,2018-05-14,0.03333333333333333,313.5,470.0,0.016640085061137695
1860,RAMCOCEM,2018-04-16,2018-05-14,0.03333333333333333,827.15,831.5,0.00017530073142719068
1861,TITAN,2018-04-16,2018-05-14,0.03333333333333333,986.0,960.0,-0.000878972278566599
1862,IRB,2018-04-16,2018-05-14,0.03333333333333333,271.7,259.9,-0.0014476751318856596
1863,BERGEPAINT,2018-04-16,2018-05-14,0.03333333333333333,270.1,275.75,0.0006972726150808314
1864,PAGEIND,2018-04-16,2018-05-14,0.03333333333333333,25100.0,24375.0,-0.0009628154050464808
1865,TATAPOWER,2018-04-16,2018-05-14,0.03333333333333333,86.85,81.6,-0.0020149683362118594
1866,TCS,2018-04-16,2018-05-14,0.03333333333333333,1558.0,1728.5,0.0036478391099700473
1867,MRF,2018-04-16,2018-05-14,0.03333333333333333,77506.0,74750.0,-0.0011852845801185283
1868,NATIONALUM,2018-04-16,2018-05-14,0.03333333333333333,77.0,78.15,0.0004978354978355003
1869,SRTRANSFIN,2018-04-16,2018-05-14,0.03333333333333333,1592.2,1480.0,-0.0023489511367918614
1870,RBLBANK,2018-04-16,2018-05-14,0.03333333333333333,498.95,519.85,0.0013962654908641504
1871,BAJFINANCE,2018-04-16,2018-05-14,0.03333333333333333,1913.95,1863.1,-0.0008856030721805713
1872,BRITANNIA,2018-04-16,2018-05-14,0.03333333333333333,2606.45,2755.0,0.0018997742779131282
1873,HAVELLS,2018-04-16,2018-05-14,0.03333333333333333,543.45,551.85,0.0005152267917931719
1874,DISHTV,2018-04-16,2018-05-14,0.03333333333333333,78.7,71.8,-0.0029224904701397733
1875,APOLLOTYRE,2018-04-16,2018-05-14,0.03333333333333333,293.5,281.9,-0.0013174332765474189
1876,BHARATFIN,2018-04-16,2018-05-14,0.03333333333333333,1146.9,1164.7,0.0005173365884849
1877,INDUSINDBK,2018-04-16,2018-05-14,0.03333333333333333,1858.8,1886.0,0.0004877698873825415
1878,ADANIPORTS,2018-04-16,2018-05-14,0.03333333333333333,381.75,413.95,0.002811613184894127
1879,MANAPPURAM,2018-04-16,2018-05-14,0.03333333333333333,119.0,122.5,0.000980392156862745
1880,M&MFIN,2018-04-16,2018-05-14,0.03333333333333333,492.5,498.6,0.00041285956006768343
1881,KOTAKBANK,2018-04-16,2018-05-14,0.03333333333333333,1147.5,1268.0,0.0035003631082062454
1882,ADANIPORTS,2018-05-15,2018-06-13,0.03333333333333333,399.0,391.15,-0.0006558061821219735
1883,ADANIPORTS,2018-05-15,2018-06-13,0.03333333333333333,399.0,391.15,-0.0006558061821219735
1884,AIAENG,2018-05-15,2018-06-13,0.03333333333333333,1461.6,1565.0,0.002358146323663567
1885,ASIANPAINT,2018-05-15,2018-06-13,0.03333333333333333,1291.0,1290.0,-2.581977794990963e-05
1886,AXISBANK,2018-05-15,2018-06-13,0.03333333333333333,548.0,539.8,-0.0004987834549878374
1887,CESC,2018-05-15,2018-06-13,0.03333333333333333,1050.7,1002.9,-0.0015164493512261686
1888,DABUR,2018-05-15,2018-06-13,0.03333333333333333,371.55,387.0,0.0013860853182613363
1889,DHFL,2018-05-15,2018-06-13,0.03333333333333333,624.95,624.0,-5.067072032429503e-05
1890,DISHTV,2018-05-15,2018-06-13,0.03333333333333333,70.7,72.75,0.0009665252239509651
1891,EDELWEISS,2018-05-15,2018-06-13,0.03333333333333333,298.75,316.95,0.002030683403068339
1892,EXIDEIND,2018-05-15,2018-06-13,0.03333333333333333,258.0,253.95,-0.0005232558139534898
1893,GAIL,2018-05-15,2018-06-13,0.03333333333333333,173.0,171.75,-0.00024084778420038535
1894,GRUH,2018-05-15,2018-06-13,0.03333333333333333,346.0,350.0,0.0003853564547206166
1895,HDFC,2018-05-15,2018-06-13,0.03333333333333333,1936.5,1851.0,-0.001471727343144849
1896,HINDUNILVR,2018-05-15,2018-06-13,0.03333333333333333,1530.0,1644.0,0.0024836601307189543
1897,ICICIBANK,2018-05-15,2018-06-13,0.03333333333333333,310.7,289.0,-0.002328076386653791
1898,ICICIPRULI,2018-05-15,2018-06-13,0.03333333333333333,444.0,422.0,-0.0016516516516516516
1899,INDUSINDBK,2018-05-15,2018-06-13,0.03333333333333333,1919.0,1958.0,0.0006774361646690985
1900,ITC,2018-05-15,2018-06-13,0.03333333333333333,284.85,271.5,-0.001562225732841849
1901,KOTAKBANK,2018-05-15,2018-06-13,0.03333333333333333,1274.0,1331.4,0.0015018315018315042
1902,OBEROIRLTY,2018-05-15,2018-06-13,0.03333333333333333,555.0,511.7,-0.0026006006006006016
1903,OIL,2018-05-15,2018-06-13,0.03333333333333333,236.5,224.7,-0.0016631430584918973
1904,ONGC,2018-05-15,2018-06-13,0.03333333333333333,189.0,170.8,-0.003209876543209874
1905,PIDILITIND,2018-05-15,2018-06-13,0.03333333333333333,1102.0,1063.9,-0.0011524500907440988
1906,RELIANCE,2018-05-15,2018-06-13,0.03333333333333333,983.05,1000.0,0.0005747418747774798
1907,SUNTV,2018-05-15,2018-06-13,0.03333333333333333,955.0,938.0,-0.000593368237347295
1908,TATACHEM,2018-05-15,2018-06-13,0.03333333333333333,772.25,742.4,-0.0012884428617675632
1909,JSWSTEEL,2018-05-15,2018-06-13,0.03333333333333333,329.5,342.0,0.0012645422357106728
1910,CONCOR,2018-05-15,2018-06-13,0.03333333333333333,702.5,670.0,-0.0015421115065243178
1911,HDFCBANK,2018-05-15,2018-06-13,0.03333333333333333,1013.525,1026.0,0.00041028423900084767
1912,CENTRALBK,2018-06-12,2018-07-11,0.03333333333333333,83.15,68.75,-0.005772699939867711
1913,CESC,2018-06-12,2018-07-11,0.03333333333333333,1005.95,926.0,-0.0026492370396142963
1914,SANOFI,2018-06-12,2018-07-11,0.03333333333333333,5249.0,5420.0,0.0010859211278338732
1915,MARICO,2018-06-12,2018-07-11,0.03333333333333333,348.0,351.0,0.00028735632183908046
1916,UBL,2018-06-12,2018-07-11,0.03333333333333333,1279.95,1196.3,-0.0021784705131710894
1917,BAJFINANCE,2018-06-12,2018-07-11,0.03333333333333333,2255.0,2365.9,0.0016393200295639332
1918,DISHTV,2018-06-12,2018-07-11,0.03333333333333333,72.8,73.35,0.00025183150183150056
1919,APLLTD,2018-06-12,2018-07-11,0.03333333333333333,532.0,521.75,-0.0006422305764411028
1920,ADANIPORTS,2018-06-12,2018-07-11,0.03333333333333333,384.0,369.9,-0.0012239583333333354
1921,SAIL,2018-06-12,2018-07-11,0.03333333333333333,87.0,80.95,-0.002318007662835248
1922,INDIANB,2018-06-12,2018-07-11,0.03333333333333333,365.25,355.0,-0.0009354323522701347
1923,GLENMARK,2018-06-12,2018-07-11,0.03333333333333333,562.0,583.0,0.0012455516014234875
1924,RELIANCE,2018-06-12,2018-07-11,0.03333333333333333,983.4,1025.0,0.0014100738932953706
1925,INFY,2018-06-12,2018-07-11,0.03333333333333333,632.875,658.775,0.0013641451050102034
1926,SUNPHARMA,2018-06-12,2018-07-11,0.03333333333333333,535.7,564.95,0.00182004853462759
1927,CANBK,2018-06-12,2018-07-11,0.03333333333333333,273.2,250.75,-0.002739141044411907
1928,RBLBANK,2018-06-12,2018-07-11,0.03333333333333333,542.85,580.75,0.0023272236038193467
1929,LUPIN,2018-06-12,2018-07-11,0.03333333333333333,815.0,903.0,0.0035991820040899795
1930,EMAMILTD,2018-06-12,2018-07-11,0.03333333333333333,540.4,539.9,-3.08413520848754e-05
1931,SBIN,2018-06-12,2018-07-11,0.03333333333333333,274.0,262.65,-0.0013807785888077886
1932,MARUTI,2018-06-12,2018-07-11,0.03333333333333333,9039.0,9529.0,0.001806984548438249
1933,BAJAJFINSV,2018-06-12,2018-07-11,0.03333333333333333,6120.0,6198.0,0.0004248366013071896
1934,TECHM,2018-06-12,2018-07-11,0.03333333333333333,715.1,655.0,-0.0028014729874609617
1935,SBILIFE,2018-06-12,2018-07-11,0.03333333333333333,708.2,659.95,-0.0022710157206062317
1936,JUBLFOOD,2018-06-12,2018-07-11,0.03333333333333333,1356.5,1412.0,0.001363803907113896
1937,BRITANNIA,2018-06-12,2018-07-11,0.03333333333333333,2955.225,3204.0,0.002806046916901421
1938,KOTAKBANK,2018-06-12,2018-07-11,0.03333333333333333,1329.0,1371.85,0.0010747429144720318
1939,DMART,2018-06-12,2018-07-11,0.03333333333333333,1600.0,1596.7,-6.874999999999906e-05
1940,DRREDDY,2018-06-12,2018-07-11,0.03333333333333333,2097.0,2301.0,0.0032427277062470196
1941,GICRE,2018-06-12,2018-07-11,0.03333333333333333,370.5,382.1,0.0010436347278452562
1942,GODREJCP,2018-07-12,2018-08-10,0.03333333333333333,887.3333333333334,865.3333333333334,-0.0008264462809917354
1943,PGHH,2018-07-12,2018-08-10,0.03333333333333333,10421.0,10486.85,0.0002106323769311978
1944,YESBANK,2018-07-12,2018-08-10,0.03333333333333333,372.5,382.0,0.0008501118568232662
1945,BAJAJ-AUTO,2018-07-12,2018-08-10,0.03333333333333333,3194.9,2667.85,-0.005498867987521781
1946,TCS,2018-07-12,2018-08-10,0.03333333333333333,1984.0,1980.95,-5.12432795698917e-05
1947,HINDUNILVR,2018-07-12,2018-08-10,0.03333333333333333,1720.0,1750.0,0.0005813953488372093
1948,HCLTECH,2018-07-12,2018-08-10,0.03333333333333333,1005.95,961.3,-0.0014795301290653972
1949,SANOFI,2018-07-12,2018-08-10,0.03333333333333333,5482.0,6300.0,0.00497385382463821
1950,BRITANNIA,2018-07-12,2018-08-10,0.03333333333333333,3199.975,3181.5,-0.00019244942017776088
1951,BERGEPAINT,2018-07-12,2018-08-10,0.03333333333333333,307.8,315.0,0.000779727095516568
1952,ASIANPAINT,2018-07-12,2018-08-10,0.03333333333333333,1370.0,1420.0,0.0012165450121654502
1953,WIPRO,2018-07-12,2018-08-10,0.03333333333333333,204.84962406015035,210.45112781954884,0.0009114822291551969
1954,GICRE,2018-07-12,2018-08-10,0.03333333333333333,374.0,346.5,-0.0024509803921568627
1955,AMARAJABAT,2018-07-12,2018-08-10,0.03333333333333333,821.15,822.0,3.450445513406088e-05
1956,BALKRISIND,2018-07-12,2018-08-10,0.03333333333333333,1243.1,1251.4,0.00022256187488269065
1957,AIAENG,2018-07-12,2018-08-10,0.03333333333333333,1647.05,1770.85,0.0025054896127419722
1958,ADANIPORTS,2018-07-12,2018-08-10,0.03333333333333333,374.4,377.3,0.00025819088319088625
1959,KOTAKBANK,2018-07-12,2018-08-10,0.03333333333333333,1394.9,1273.05,-0.0029117977393839493
1960,INFRATEL,2018-07-12,2018-08-10,0.03333333333333333,315.0,290.3,-0.0026137566137566124
1961,RBLBANK,2018-07-12,2018-08-10,0.03333333333333333,583.0,569.4,-0.0007775871926815336
1962,NAUKRI,2018-07-12,2018-08-10,0.03333333333333333,1339.2,1480.55,0.0035182696136997187
1963,HDFCBANK,2018-07-12,2018-08-10,0.03333333333333333,1076.45,1061.75,-0.00045519996284082073
1964,SHREECEM,2018-07-12,2018-08-10,0.03333333333333333,17000.0,17250.0,0.0004901960784313725
1965,DMART,2018-07-12,2018-08-10,0.03333333333333333,1601.0,1613.0,0.00024984384759525296
1966,MARUTI,2018-07-12,2018-08-10,0.03333333333333333,9448.0,9150.0,-0.001051368896415467
1967,MINDTREE,2018-07-12,2018-08-10,0.03333333333333333,1054.3,947.2,-0.003386132979227921
1968,EXIDEIND,2018-07-12,2018-08-10,0.03333333333333333,274.0,283.2,0.0011192214111922128
1969,ABB,2018-07-12,2018-08-10,0.03333333333333333,1255.0,1200.55,-0.0014462151394422323
1970,CROMPTON,2018-07-12,2018-08-10,0.03333333333333333,238.45,262.9,0.0034179073180960356
1971,RELIANCE,2018-07-12,2018-08-10,0.03333333333333333,1044.35,1211.0,0.005319098003542877
1972,SANOFI,2018-08-13,2018-09-10,0.03333333333333333,6350.0,6580.0,0.0012073490813648295
1973,DHANI,2018-08-13,2018-09-10,0.03333333333333333,739.0,797.0,0.002616147947677041
1974,TORNTPHARM,2018-08-13,2018-09-10,0.03333333333333333,1690.0,1834.0,0.0028402366863905324
1975,DABUR,2018-08-13,2018-09-10,0.03333333333333333,439.95,468.2,0.0021403947418267228
1976,VOLTAS,2018-08-13,2018-09-10,0.03333333333333333,619.25,597.7,-0.0011600053828556024
1977,ABFRL,2018-08-13,2018-09-10,0.03333333333333333,178.0,197.85,0.0037172284644194746
1978,CROMPTON,2018-08-13,2018-09-10,0.03333333333333333,266.45,222.15,-0.005542002877337835
1979,HAVELLS,2018-08-13,2018-09-10,0.03333333333333333,669.85,670.0,7.46435769201947e-06
1980,BATAINDIA,2018-08-13,2018-09-10,0.03333333333333333,973.4,1059.7,0.0029552770358194664
1981,ICICIBANK,2018-08-13,2018-09-10,0.03333333333333333,324.0,331.8,0.0008024691358024704
1982,SRF,2018-08-13,2018-09-10,0.03333333333333333,1899.7,2000.0,0.0017599270060184933
1983,GSPL,2018-08-13,2018-09-10,0.03333333333333333,200.0,191.0,-0.0015
1984,BAJFINANCE,2018-08-13,2018-09-10,0.03333333333333333,2807.95,2732.0,-0.0009016067475085598
1985,AXISBANK,2018-08-13,2018-09-10,0.03333333333333333,612.0,644.95,0.0017946623093681943
1986,ITC,2018-08-13,2018-09-10,0.03333333333333333,304.0,310.2,0.0006798245614035074
1987,MGL,2018-08-13,2018-09-10,0.03333333333333333,945.0,857.5,-0.0030864197530864196
1988,BAJAJFINSV,2018-08-13,2018-09-10,0.03333333333333333,7029.25,6580.0,-0.002130383753601024
1989,JUBLFOOD,2018-08-13,2018-09-10,0.03333333333333333,1520.95,1407.7,-0.0024820013807159997
1990,ADANIPORTS,2018-08-13,2018-09-10,0.03333333333333333,378.0,375.65,-0.00020723104056437588
1991,RELIANCE,2018-08-13,2018-09-10,0.03333333333333333,1197.55,1275.0,0.002155790294072622
1992,EXIDEIND,2018-08-13,2018-09-10,0.03333333333333333,287.65,280.25,-0.0008575236108696886
1993,AUBANK,2018-08-13,2018-09-10,0.03333333333333333,689.8,690.1,1.4496955639319043e-05
1994,RAJESHEXPO,2018-08-13,2018-09-10,0.03333333333333333,640.0,677.0,0.0019270833333333334
1995,ENDURANCE,2018-08-13,2018-09-10,0.03333333333333333,1450.0,1478.0,0.0006436781609195402
1996,STRTECH,2018-08-13,2018-09-10,0.03333333333333333,358.5,352.8,-0.0005299860529986042
1997,BOSCHLTD,2018-08-13,2018-09-10,0.03333333333333333,19338.0,21200.0,0.003209570103768056
1998,BERGEPAINT,2018-08-13,2018-09-10,0.03333333333333333,327.45,317.45,-0.0010179671196620349
1999,SRTRANSFIN,2018-08-13,2018-09-10,0.03333333333333333,1400.0,1212.0,-0.0044761904761904765
2000,JSWSTEEL,2018-08-13,2018-09-10,0.03333333333333333,336.95,411.4,0.007365088786664688
2001,NAUKRI,2018-08-13,2018-09-10,0.03333333333333333,1486.4,1639.7,0.003437836383207749
2002,ABB,2018-09-14,2018-10-12,0.03333333333333333,1465.0,1295.55,-0.0038555176336746316
2003,ADANIPORTS,2018-09-14,2018-10-12,0.03333333333333333,376.8,317.0,-0.005290162774239208
2004,APLLTD,2018-09-14,2018-10-12,0.03333333333333333,641.1,606.9,-0.001778193729527377
2005,AUROPHARMA,2018-09-14,2018-10-12,0.03333333333333333,780.3,755.0,-0.0010807808962364884
2006,BAJAJ-AUTO,2018-09-14,2018-10-12,0.03333333333333333,2885.0,2549.5,-0.0038763720392836513
2007,CUMMINSIND,2018-09-14,2018-10-12,0.03333333333333333,787.95,672.5,-0.004883981640120991
2008,GLENMARK,2018-09-14,2018-10-12,0.03333333333333333,677.2,599.25,-0.003836877338058675
2009,HCLTECH,2018-09-14,2018-10-12,0.03333333333333333,1084.0,1003.3,-0.002481549815498156
2010,JINDALSTEL,2018-09-14,2018-10-12,0.03333333333333333,228.1,169.1,-0.008621949437381265
2011,LUPIN,2018-09-14,2018-10-12,0.03333333333333333,973.9,841.0,-0.004548721634664749
2012,MINDTREE,2018-09-14,2018-10-12,0.03333333333333333,1150.0,985.0,-0.004782608695652174
2013,MPHASIS,2018-09-14,2018-10-12,0.03333333333333333,1259.7,1037.0,-0.005892937471884841
2014,MUTHOOTFIN,2018-09-14,2018-10-12,0.03333333333333333,452.55,407.7,-0.003303502375428131
2015,NATCOPHARM,2018-09-14,2018-10-12,0.03333333333333333,832.05,669.9,-0.006496003845922721
2016,NMDC,2018-09-14,2018-10-12,0.03333333333333333,123.5,109.6,-0.003751686909581648
2017,NTPC,2018-09-14,2018-10-12,0.03333333333333333,170.4,163.9,-0.0012715179968701095
2018,OFSS,2018-09-14,2018-10-12,0.03333333333333333,4259.9,3922.0,-0.0026440370274732556
2019,RAJESHEXPO,2018-09-14,2018-10-12,0.03333333333333333,703.65,645.5,-0.002754683910087874
2020,SANOFI,2018-09-14,2018-10-12,0.03333333333333333,6648.7,5953.45,-0.0034856438100681337
2021,SPARC,2018-09-14,2018-10-12,0.03333333333333333,408.25,309.9,-0.008030210246989184
2022,TVSMOTOR,2018-09-14,2018-10-12,0.03333333333333333,581.4,518.0,-0.003634904254099299
2023,UPL,2018-09-14,2018-10-12,0.03333333333333333,473.3333333333333,406.06666666666666,-0.0047370892018779335
2024,WIPRO,2018-09-14,2018-10-12,0.03333333333333333,247.18045112781954,237.7067669172932,-0.0012775665399239562
2025,JSWSTEEL,2018-09-14,2018-10-12,0.03333333333333333,402.2,365.0,-0.003083043262058676
2026,JSWSTEEL,2018-09-14,2018-10-12,0.03333333333333333,402.2,365.0,-0.003083043262058676
2027,NAVINFLUOR,2018-09-14,2018-10-12,0.03333333333333333,752.0,625.0,-0.0056294326241134755
2028,ICICIGI,2018-09-14,2018-10-12,0.03333333333333333,897.0,782.0,-0.004273504273504274
2029,GICRE,2018-09-14,2018-10-12,0.03333333333333333,327.2,319.35,-0.0007997147514262395
2030,NBCC,2018-09-14,2018-10-12,0.03333333333333333,67.95,53.1,-0.00728476821192053
2031,INFY,2018-09-14,2018-10-12,0.03333333333333333,741.9,676.4,-0.002942894370310464
2032,ICICIGI,2018-10-16,2018-11-14,0.03333333333333333,785.0,816.0,0.0013163481953290868
2033,ADANIPORTS,2018-10-16,2018-11-14,0.03333333333333333,323.4,335.3,0.00122655122655123
2034,OFSS,2018-10-16,2018-11-14,0.03333333333333333,3917.5,3525.0,-0.00333971495426505
2035,MINDTREE,2018-10-16,2018-11-14,0.03333333333333333,986.0,844.95,-0.004768424611223798
2036,HEG,2018-10-16,2018-11-14,0.03333333333333333,4271.0,4189.95,-0.000632560680558809
2037,GLENMARK,2018-10-16,2018-11-14,0.03333333333333333,612.5,684.9,0.003940136054421768
2038,PIIND,2018-10-16,2018-11-14,0.03333333333333333,788.75,830.0,0.0017432646592709985
2039,TVSMOTOR,2018-10-16,2018-11-14,0.03333333333333333,528.8,548.0,0.001210287443267779
2040,GRAPHITE,2018-10-16,2018-11-14,0.03333333333333333,994.0,1017.0,0.0007712944332662642
2041,ZEEL,2018-10-16,2018-11-14,0.03333333333333333,477.8,440.0,-0.0026370866471326923
2042,APOLLOHOSP,2018-10-16,2018-11-14,0.03333333333333333,1131.8,1150.0,0.0005360193202568193
2043,AVANTIFEED,2018-10-16,2018-11-14,0.03333333333333333,432.9,375.5,-0.004419804419804418
2044,TATACONSUM,2018-10-16,2018-11-14,0.03333333333333333,237.1,220.55,-0.002326725713482354
2045,ABFRL,2018-10-16,2018-11-14,0.03333333333333333,189.9,193.5,0.000631911532385465
2046,FEDERALBNK,2018-10-16,2018-11-14,0.03333333333333333,76.5,80.4,0.0016993464052287607
2047,DRREDDY,2018-10-16,2018-11-14,0.03333333333333333,2566.9,2449.9,-0.001519342397444388
2048,BEL,2018-10-16,2018-11-14,0.03333333333333333,87.55,95.45,0.0030078050637730846
2049,BHEL,2018-10-16,2018-11-14,0.03333333333333333,76.0,68.8,-0.0031578947368421065
2050,MGL,2018-10-16,2018-11-14,0.03333333333333333,830.0,865.0,0.0014056224899598394
2051,PFC,2018-10-16,2018-11-14,0.03333333333333333,82.05,102.5,0.00830794231159862
2052,NAUKRI,2018-10-16,2018-11-14,0.03333333333333333,1535.3,1390.0,-0.0031546494713302494
2053,CUMMINSIND,2018-10-16,2018-11-14,0.03333333333333333,711.95,789.4,0.0036261909778308368
2054,GRUH,2018-10-16,2018-11-14,0.03333333333333333,282.0,301.35,0.0022872340425531944
2055,HDFCBANK,2018-10-16,2018-11-14,0.03333333333333333,1001.5,969.275,-0.0010725578299217847
2056,LICHSGFIN,2018-10-16,2018-11-14,0.03333333333333333,447.2,440.0,-0.0005366726296958847
2057,UNITDSPR,2018-10-16,2018-11-14,0.03333333333333333,536.4,639.05,0.0063789460601541125
2058,RELIANCE,2018-10-16,2018-11-14,0.03333333333333333,1146.0,1105.05,-0.0011910994764397918
2059,KOTAKBANK,2018-10-16,2018-11-14,0.03333333333333333,1171.5,1170.1,-3.983496941243679e-05
2060,INFRATEL,2018-10-16,2018-11-14,0.03333333333333333,268.6,260.0,-0.0010672623479771682
2061,INDHOTEL,2018-10-16,2018-11-14,0.03333333333333333,126.0,133.5,0.001984126984126984
2062,LT,2018-11-14,2018-12-13,0.03333333333333333,1394.0,1413.7,0.00047106647537063713
2063,UNITDSPR,2018-11-14,2018-12-13,0.03333333333333333,639.05,642.5,0.0001799546201392716
2064,PFC,2018-11-14,2018-12-13,0.03333333333333333,102.5,85.55,-0.00551219512195122
2065,RECLTD,2018-11-14,2018-12-13,0.03333333333333333,124.9,103.5,-0.00571123565519082
2066,SRF,2018-11-14,2018-12-13,0.03333333333333333,2076.25,2157.0,0.0012964077864740114
2067,UPL,2018-11-14,2018-12-13,0.03333333333333333,492.1333333333334,526.0,0.002293867967127243
2068,HAVELLS,2018-11-14,2018-12-13,0.03333333333333333,669.2,705.25,0.0017956764295676405
2069,UBL,2018-11-14,2018-12-13,0.03333333333333333,1310.0,1239.1,-0.0018040712468193408
2070,ICICIGI,2018-11-14,2018-12-13,0.03333333333333333,816.0,910.05,0.0038419117647058806
2071,GLENMARK,2018-11-14,2018-12-13,0.03333333333333333,684.9,662.85,-0.0010731493648707818
2072,TITAN,2018-11-14,2018-12-13,0.03333333333333333,897.05,932.1,0.0013024171822455112
2073,ADANIPORTS,2018-11-14,2018-12-13,0.03333333333333333,335.3,374.9,0.0039367730390694865
2074,PCJEWELLER,2018-11-14,2018-12-13,0.03333333333333333,91.0,67.6,-0.008571428571428574
2075,CUMMINSIND,2018-11-14,2018-12-13,0.03333333333333333,789.4,809.0,0.0008276328012836764
2076,DIVISLAB,2018-11-14,2018-12-13,0.03333333333333333,1543.35,1536.0,-0.00015874558590079824
2077,OFSS,2018-11-14,2018-12-13,0.03333333333333333,3525.0,3660.0,0.001276595744680851
2078,CENTURYTEX,2018-11-14,2018-12-13,0.03333333333333333,357.94,364.4,0.0006015905831517368
2079,ICICIBANK,2018-11-14,2018-12-13,0.03333333333333333,365.0,352.9,-0.0011050228310502304
2080,MGL,2018-11-14,2018-12-13,0.03333333333333333,865.0,873.6,0.0003314065510597311
2081,MUTHOOTFIN,2018-11-14,2018-12-13,0.03333333333333333,451.3,478.0,0.0019720806558830035
2082,MANAPPURAM,2018-11-14,2018-12-13,0.03333333333333333,85.5,90.0,0.0017543859649122807
2083,HDFCLIFE,2018-11-14,2018-12-13,0.03333333333333333,400.95,395.0,-0.0004946585193498764
2084,PIIND,2018-11-14,2018-12-13,0.03333333333333333,830.0,849.65,0.0007891566265060232
2085,RBLBANK,2018-11-14,2018-12-13,0.03333333333333333,555.85,579.0,0.001388264219963418
2086,INDIGO,2018-11-14,2018-12-13,0.03333333333333333,1000.0,1038.0,0.0012666666666666666
2087,M&MFIN,2018-11-14,2018-12-13,0.03333333333333333,440.0,440.0,0.0
2088,HINDUNILVR,2018-11-14,2018-12-13,0.03333333333333333,1672.0,1848.0,0.003508771929824561
2089,BATAINDIA,2018-11-14,2018-12-13,0.03333333333333333,1017.5,1086.4,0.0022571662571662598
2090,CHOLAFIN,2018-11-14,2018-12-13,0.03333333333333333,265.6,248.75,-0.002114708835341368
2091,MARICO,2018-11-14,2018-12-13,0.03333333333333333,339.15,373.4,0.0033662587842154404
2092,ABB,2018-12-13,2019-01-11,0.03333333333333333,1449.5,1305.0,-0.003322984937334713
2093,ABFRL,2018-12-13,2019-01-11,0.03333333333333333,200.95,213.0,0.0019988388488015284
2094,ADANIPORTS,2018-12-13,2019-01-11,0.03333333333333333,374.9,380.3,0.000480128034142441
2095,APLLTD,2018-12-13,2019-01-11,0.03333333333333333,616.6,590.3,-0.0014217753270623888
2096,BAJAJ-AUTO,2018-12-13,2019-01-11,0.03333333333333333,2860.0,2728.0,-0.0015384615384615387
2097,BATAINDIA,2018-12-13,2019-01-11,0.03333333333333333,1086.4,1165.0,0.002411634756995579
2098,COLPAL,2018-12-13,2019-01-11,0.03333333333333333,1282.0,1327.95,0.0011947477899115976
2099,CROMPTON,2018-12-13,2019-01-11,0.03333333333333333,223.7,229.5,0.0008642527194158862
2100,DABUR,2018-12-13,2019-01-11,0.03333333333333333,434.0,422.45,-0.0008870967741935493
2101,FEDERALBNK,2018-12-13,2019-01-11,0.03333333333333333,88.95,96.35,0.0027730934982199704
2102,GLENMARK,2018-12-13,2019-01-11,0.03333333333333333,662.85,668.5,0.00028412662492771
2103,GODREJCP,2018-12-13,2019-01-11,0.03333333333333333,771.15,776.1,0.00021396615444466252
2104,HAVELLS,2018-12-13,2019-01-11,0.03333333333333333,705.25,688.0,-0.0008153137185395249
2105,HEROMOTOCO,2018-12-13,2019-01-11,0.03333333333333333,3230.0,2923.0,-0.0031682146542827655
2106,HINDUNILVR,2018-12-13,2019-01-11,0.03333333333333333,1848.0,1795.0,-0.0009559884559884559
2107,HINDZINC,2018-12-13,2019-01-11,0.03333333333333333,274.05,275.9,0.00022501976524964614
2108,INDHOTEL,2018-12-13,2019-01-11,0.03333333333333333,151.85,142.25,-0.002107342772472834
2109,MARICO,2018-12-13,2019-01-11,0.03333333333333333,373.4,387.15,0.0012274593822531692
2110,OFSS,2018-12-13,2019-01-11,0.03333333333333333,3660.0,3648.5,-0.000104735883424408
2111,PCJEWELLER,2018-12-13,2019-01-11,0.03333333333333333,67.6,81.0,0.006607495069033534
2112,PIIND,2018-12-13,2019-01-11,0.03333333333333333,849.65,861.6,0.0004688204947135113
2113,RBLBANK,2018-12-13,2019-01-11,0.03333333333333333,579.0,577.5,-8.635578583765113e-05
2114,SANOFI,2018-12-13,2019-01-11,0.03333333333333333,6307.2,6250.0,-0.0003023000169118881
2115,TCS,2018-12-13,2019-01-11,0.03333333333333333,2024.0,1870.0,-0.002536231884057971
2116,TORNTPHARM,2018-12-13,2019-01-11,0.03333333333333333,1765.0,1860.0,0.001794145420207743
2117,UPL,2018-12-13,2019-01-11,0.03333333333333333,526.0,516.6666666666666,-0.0005914659907055368
2118,VGUARD,2018-12-13,2019-01-11,0.03333333333333333,221.0,207.8,-0.0019909502262443423
2119,DMART,2018-12-13,2019-01-11,0.03333333333333333,1560.0,1593.4,0.0007136752136752156
2120,ICICIGI,2018-12-13,2019-01-11,0.03333333333333333,910.05,890.0,-0.0007343918832298575
2121,ICICIGI,2018-12-13,2019-01-11,0.03333333333333333,910.05,890.0,-0.0007343918832298575
2122,ESCORTS,2019-01-11,2019-02-11,0.03333333333333333,749.0,653.0,-0.004272363150867824
2123,MANAPPURAM,2019-01-11,2019-02-11,0.03333333333333333,98.55,104.2,0.001911043463554881
2124,SIEMENS,2019-01-11,2019-02-11,0.03333333333333333,1074.1,1025.5,-0.0015082394562889834
2125,SBILIFE,2019-01-11,2019-02-11,0.03333333333333333,635.0,576.0,-0.003097112860892388
2126,HDFCLIFE,2019-01-11,2019-02-11,0.03333333333333333,408.6,365.8,-0.0034915973241964435
2127,UNIONBANK,2019-01-11,2019-02-11,0.03333333333333333,92.5,72.4,-0.007243243243243241
2128,ABFRL,2019-01-11,2019-02-11,0.03333333333333333,213.0,211.75,-0.00019561815336463222
2129,BATAINDIA,2019-01-11,2019-02-11,0.03333333333333333,1165.0,1189.0,0.0006866952789699571
2130,ADANIPORTS,2019-01-11,2019-02-11,0.03333333333333333,380.3,332.95,-0.0041502322727671155
2131,ICICIBANK,2019-01-11,2019-02-11,0.03333333333333333,380.6,354.6,-0.002277106323349098
2132,RECLTD,2019-01-11,2019-02-11,0.03333333333333333,122.85,119.35,-0.000949667616334283
2133,PFC,2019-01-11,2019-02-11,0.03333333333333333,108.0,100.7,-0.0022530864197530857
2134,ICICIPRULI,2019-01-11,2019-02-11,0.03333333333333333,347.5,314.0,-0.0032134292565947245
2135,BANKBARODA,2019-01-11,2019-02-11,0.03333333333333333,123.8,104.7,-0.005142703284868065
2136,TORNTPHARM,2019-01-11,2019-02-11,0.03333333333333333,1860.0,1796.65,-0.0011353046594982062
2137,TATAMOTORS,2019-01-11,2019-02-11,0.03333333333333333,186.55,150.15,-0.006504065040650407
2138,PNB,2019-01-11,2019-02-11,0.03333333333333333,81.25,71.4,-0.004041025641025639
2139,TITAN,2019-01-11,2019-02-11,0.03333333333333333,965.25,1059.0,0.0032375032375032376
2140,COROMANDEL,2019-01-11,2019-02-11,0.03333333333333333,464.3,453.3,-0.0007897192906884915
2141,ITC,2019-01-11,2019-02-11,0.03333333333333333,291.9,275.8,-0.0018385291766586692
2142,SBIN,2019-01-11,2019-02-11,0.03333333333333333,305.4,285.95,-0.0021228989303645482
2143,BANKINDIA,2019-01-11,2019-02-11,0.03333333333333333,106.45,86.3,-0.006309691560983249
2144,MUTHOOTFIN,2019-01-11,2019-02-11,0.03333333333333333,522.5,518.25,-0.0002711323763955343
2145,BHARTIARTL,2019-01-11,2019-02-11,0.03333333333333333,337.15,315.0,-0.002189925354688811
2146,BEL,2019-01-11,2019-02-11,0.03333333333333333,92.6,79.85,-0.00458963282937365
2147,AXISBANK,2019-01-11,2019-02-11,0.03333333333333333,665.0,719.9,0.002751879699248119
2148,PGHH,2019-01-11,2019-02-11,0.03333333333333333,10019.9,10005.0,-4.956802629433972e-05
2149,LTI,2019-01-11,2019-02-11,0.03333333333333333,1785.0,1844.0,0.0011017740429505134
2150,AUBANK,2019-01-11,2019-02-11,0.03333333333333333,654.85,593.8,-0.0031075818889822132
2151,AUROPHARMA,2019-01-11,2019-02-11,0.03333333333333333,775.5,764.0,-0.0004943047496238985
2152,DIVISLAB,2019-02-11,2019-03-11,0.03333333333333333,1677.1,1650.1,-0.0005366406296583388
2153,HCLTECH,2019-02-11,2019-03-11,0.03333333333333333,1068.1,1007.0,-0.0019068127204069504
2154,TECHM,2019-02-11,2019-03-11,0.03333333333333333,809.0,812.0,0.00012360939431396787
2155,INFY,2019-02-11,2019-03-11,0.03333333333333333,766.9,713.3,-0.002329725735645674
2156,WIPRO,2019-02-11,2019-03-11,0.03333333333333333,278.8721804511278,259.0,-0.0023753033162577496
2157,SYNGENE,2019-02-11,2019-03-11,0.03333333333333333,309.5,295.5,-0.0015078082929456111
2158,TITAN,2019-02-11,2019-03-11,0.03333333333333333,1059.0,1058.0,-3.147623544224111e-05
2159,TCS,2019-02-11,2019-03-11,0.03333333333333333,2060.0,2028.9,-0.0005032362459546911
2160,INFRATEL,2019-02-11,2019-03-11,0.03333333333333333,326.0,306.6,-0.001983640081799589
2161,UNIONBANK,2019-02-11,2019-03-11,0.03333333333333333,72.4,78.7,0.0029005524861878437
2162,MPHASIS,2019-02-11,2019-03-11,0.03333333333333333,1019.75,976.1,-0.0014268202990929141
2163,ADANIPORTS,2019-02-11,2019-03-11,0.03333333333333333,332.95,343.2,0.0010261801071231916
2164,ENDURANCE,2019-02-11,2019-03-11,0.03333333333333333,1253.05,1171.8,-0.0021613928680685795
2165,UPL,2019-02-11,2019-03-11,0.03333333333333333,541.3333333333334,592.9666666666667,0.003179392446633825
2166,SRF,2019-02-11,2019-03-11,0.03333333333333333,2218.25,2345.0,0.0019046545700439534
2167,PNB,2019-02-11,2019-03-11,0.03333333333333333,71.4,84.1,0.005929038281979453
2168,BAJAJ-AUTO,2019-02-11,2019-03-11,0.03333333333333333,2850.0,2970.0,0.0014035087719298245
2169,HAVELLS,2019-02-11,2019-03-11,0.03333333333333333,741.0,729.45,-0.0005195681511470964
2170,AXISBANK,2019-02-11,2019-03-11,0.03333333333333333,719.9,733.3,0.000620456544890493
2171,SANOFI,2019-02-11,2019-03-11,0.03333333333333333,6533.95,5592.0,-0.0048054137747202425
2172,MANAPPURAM,2019-02-11,2019-03-11,0.03333333333333333,104.2,112.4,0.002623160588611645
2173,RELIANCE,2019-02-11,2019-03-11,0.03333333333333333,1275.9,1270.05,-0.00015283329414531277
2174,KOTAKBANK,2019-02-11,2019-03-11,0.03333333333333333,1296.0,1238.0,-0.001491769547325103
2175,NIITTECH,2019-02-11,2019-03-11,0.03333333333333333,1310.0,1313.0,7.633587786259542e-05
2176,NAUKRI,2019-02-11,2019-03-11,0.03333333333333333,1760.0,1793.7,0.0006382575757575766
2177,DABUR,2019-02-11,2019-03-11,0.03333333333333333,451.0,434.3,-0.0012342941611234285
2178,JUBLFOOD,2019-02-11,2019-03-11,0.03333333333333333,1346.5,1347.0,1.2377769525931428e-05
2179,LTI,2019-02-11,2019-03-11,0.03333333333333333,1844.0,1641.35,-0.0036632321041214764
2180,BATAINDIA,2019-02-11,2019-03-11,0.03333333333333333,1189.0,1331.05,0.00398233809924306
2181,CIPLA,2019-02-11,2019-03-11,0.03333333333333333,538.7,542.0,0.0002041952849452357
2182,ISEC,2019-03-13,2019-04-11,0.03333333333333333,254.9,221.0,-0.004433111023930954
2183,NMDC,2019-03-13,2019-04-11,0.03333333333333333,113.95,104.0,-0.002910633318707036
2184,AVANTIFEED,2019-03-13,2019-04-11,0.03333333333333333,447.0,394.7,-0.0039000745712155114
2185,RAMCOCEM,2019-03-13,2019-04-11,0.03333333333333333,726.0,756.75,0.001411845730027548
2186,PIIND,2019-03-13,2019-04-11,0.03333333333333333,1014.95,1018.0,0.00010016913805277613
2187,PEL,2019-03-13,2019-04-11,0.03333333333333333,2640.0,2691.8,0.0006540404040404063
2188,BANDHANBNK,2019-03-13,2019-04-11,0.03333333333333333,523.9,543.0,0.001215244639562259
2189,SHREECEM,2019-03-13,2019-04-11,0.03333333333333333,18092.45,19000.0,0.0016720602608638762
2190,PETRONET,2019-03-13,2019-04-11,0.03333333333333333,239.55,235.0,-0.0006331315661309415
2191,BAJAJFINSV,2019-03-13,2019-04-11,0.03333333333333333,6850.0,7419.5,0.0027712895377128956
2192,VOLTAS,2019-03-13,2019-04-11,0.03333333333333333,622.6,610.0,-0.0006745904272406051
2193,UPL,2019-03-13,2019-04-11,0.03333333333333333,600.0,617.1999999999999,0.0009555555555555517
2194,ESCORTS,2019-03-13,2019-04-11,0.03333333333333333,800.0,779.0,-0.0008749999999999999
2195,SRTRANSFIN,2019-03-13,2019-04-11,0.03333333333333333,1280.0,1198.0,-0.0021354166666666665
2196,DBL,2019-03-13,2019-04-11,0.03333333333333333,629.0,622.9,-0.0003232644409115009
2197,ACC,2019-03-13,2019-04-11,0.03333333333333333,1588.0,1645.0,0.0011964735516372795
2198,POWERGRID,2019-03-13,2019-04-11,0.03333333333333333,198.1,199.15,0.0001766784452296839
2199,BHARTIARTL,2019-03-13,2019-04-11,0.03333333333333333,348.5,341.7,-0.0006504065040650417
2200,VGUARD,2019-03-13,2019-04-11,0.03333333333333333,221.0,221.0,0.0
2201,ITC,2019-03-13,2019-04-11,0.03333333333333333,295.0,294.55,-5.084745762711736e-05
2202,LICHSGFIN,2019-03-13,2019-04-11,0.03333333333333333,503.0,529.9,0.0017826375082836301
2203,ULTRACEMCO,2019-03-13,2019-04-11,0.03333333333333333,4099.0,4140.0,0.0003334146539806457
2204,CHOLAFIN,2019-03-13,2019-04-11,0.03333333333333333,273.96,294.6,0.002511315520513949
2205,SRF,2019-03-13,2019-04-11,0.03333333333333333,2346.0,2454.7,0.0015444728616084088
2206,L&TFH,2019-03-13,2019-04-11,0.03333333333333333,147.25,145.55,-0.0003848330503678526
2207,INDIANB,2019-03-13,2019-04-11,0.03333333333333333,266.85,273.2,0.0007932046717881413
2208,ICICIBANK,2019-03-13,2019-04-11,0.03333333333333333,387.9,394.5,0.0005671564836298035
2209,DLF,2019-03-13,2019-04-11,0.03333333333333333,190.5,180.5,-0.0017497812773403323
2210,GRASIM,2019-03-13,2019-04-11,0.03333333333333333,832.0,848.0,0.000641025641025641
2211,MUTHOOTFIN,2019-03-13,2019-04-11,0.03333333333333333,596.0,604.0,0.00044742729306487697
2212,SIEMENS,2019-04-12,2019-05-13,0.03333333333333333,1172.15,1067.1,-0.0029873878485404365
2213,BAJAJFINSV,2019-04-12,2019-05-13,0.03333333333333333,7572.0,7416.2,-0.0006858601866525805
2214,OBEROIRLTY,2019-04-12,2019-05-13,0.03333333333333333,568.8,518.0,-0.002977027660571962
2215,ICICIBANK,2019-04-12,2019-05-13,0.03333333333333333,390.6,385.0,-0.0004778972520908024
2216,DHFL,2019-04-12,2019-05-13,0.03333333333333333,167.9,116.0,-0.010303752233472305
2217,PIDILITIND,2019-04-12,2019-05-13,0.03333333333333333,1280.8,1167.2,-0.002956485529877158
2218,TATAMOTORS,2019-04-12,2019-05-13,0.03333333333333333,218.95,186.2,-0.004985917637207886
2219,BPCL,2019-04-12,2019-05-13,0.03333333333333333,363.9,362.0,-0.0001740404873133624
2220,JINDALSTEL,2019-04-12,2019-05-13,0.03333333333333333,177.5,162.75,-0.0027699530516431922
2221,MINDTREE,2019-04-12,2019-05-13,0.03333333333333333,976.0,973.4,-8.879781420765105e-05
2222,ABB,2019-04-12,2019-05-13,0.03333333333333333,1406.9,1398.0,-0.00021086549624470087
2223,TATAMTRDVR,2019-04-12,2019-05-13,0.03333333333333333,103.45,89.0,-0.004656033510552602
2224,WIPRO,2019-04-12,2019-05-13,0.03333333333333333,282.4,290.5,0.0009560906515580763
2225,ADANIPORTS,2019-04-12,2019-05-13,0.03333333333333333,379.2,369.9,-0.0008175105485232078
2226,ICICIGI,2019-04-12,2019-05-13,0.03333333333333333,1078.05,1090.0,0.0003694943029853299
2227,DHANI,2019-04-12,2019-05-13,0.03333333333333333,349.5,262.75,-0.008273724368144969
2228,PRESTIGE,2019-04-12,2019-05-13,0.03333333333333333,266.2,264.2,-0.0002504382669671926
2229,GICRE,2019-04-12,2019-05-13,0.03333333333333333,244.3,234.9,-0.0012825760676763549
2230,TITAN,2019-04-12,2019-05-13,0.03333333333333333,1107.0,1125.3,0.0005510388437217691
2231,OFSS,2019-04-12,2019-05-13,0.03333333333333333,3555.0,3399.0,-0.0014627285513361464
2232,TATACONSUM,2019-04-12,2019-05-13,0.03333333333333333,215.95,197.25,-0.0028864706336343272
2233,MARICO,2019-04-12,2019-05-13,0.03333333333333333,357.0,355.4,-0.0001493930905695633
2234,LTTS,2019-04-12,2019-05-13,0.03333333333333333,1635.0,1685.0,0.0010193679918450561
2235,CHOLAFIN,2019-04-12,2019-05-13,0.03333333333333333,298.02,259.19,-0.004343108963604231
2236,MARUTI,2019-04-12,2019-05-13,0.03333333333333333,7188.9,6626.0,-0.002610042333783099
2237,SHREECEM,2019-04-12,2019-05-13,0.03333333333333333,18905.0,19030.0,0.00022040024684827648
2238,LUPIN,2019-04-12,2019-05-13,0.03333333333333333,811.95,833.0,0.0008641747234025064
2239,DRREDDY,2019-04-12,2019-05-13,0.03333333333333333,2800.0,2850.05,0.0005958333333333355
2240,ACC,2019-04-12,2019-05-13,0.03333333333333333,1675.9,1602.7,-0.0014559341249477898
2241,ASHOKLEY,2019-04-12,2019-05-13,0.03333333333333333,94.4,85.8,-0.0030367231638418106
2242,ADANIPORTS,2019-05-17,2019-06-17,0.03333333333333333,368.8,426.0,0.0051699204627621105
2243,BAJAJFINSV,2019-05-17,2019-06-17,0.03333333333333333,7675.0,8244.0,0.0024712269272529857
2244,BAJFINANCE,2019-05-17,2019-06-17,0.03333333333333333,3137.0,3529.0,0.004165338433747742
2245,BHARATFIN,2019-05-17,2019-06-17,0.03333333333333333,841.15,896.0,0.002173611523905765
2246,BPCL,2019-05-17,2019-06-17,0.03333333333333333,372.0,385.15,0.0011783154121863778
2247,BPCL,2019-05-17,2019-06-17,0.03333333333333333,372.0,385.15,0.0011783154121863778
2248,FRETAIL,2019-05-17,2019-06-17,0.03333333333333333,430.65,455.0,0.0018847478617593579
2249,HINDPETRO,2019-05-17,2019-06-17,0.03333333333333333,279.45,305.7,0.0031311504741456434
2250,IBULHSGFIN,2019-05-17,2019-06-17,0.03333333333333333,715.0,673.45,-0.0019370629370629349
2251,ICICIBANK,2019-05-17,2019-06-17,0.03333333333333333,381.2,418.95,0.003300979363413781
2252,JINDALSTEL,2019-05-17,2019-06-17,0.03333333333333333,157.9,164.0,0.0012877348532826672
2253,KOTAKBANK,2019-05-17,2019-06-17,0.03333333333333333,1416.0,1478.0,0.0014595103578154424
2254,LTI,2019-05-17,2019-06-17,0.03333333333333333,1808.0,1778.0,-0.0005530973451327434
2255,LTTS,2019-05-17,2019-06-17,0.03333333333333333,1729.0,1727.0,-3.8557933294775396e-05
2256,OIL,2019-05-17,2019-06-17,0.03333333333333333,175.65,176.1,8.539709649871689e-05
2257,PIIND,2019-05-17,2019-06-17,0.03333333333333333,1090.0,1160.0,0.0021406727828746177
2258,SBIN,2019-05-17,2019-06-17,0.03333333333333333,315.65,343.75,0.0029674217223718278
2259,SRF,2019-05-17,2019-06-17,0.03333333333333333,2741.1,2875.0,0.0016283000741794669
2260,TATACONSUM,2019-05-17,2019-06-17,0.03333333333333333,220.0,246.5,0.004015151515151515
2261,TITAN,2019-05-17,2019-06-17,0.03333333333333333,1184.0,1286.0,0.0028716216216216213
2262,TITAN,2019-05-17,2019-06-17,0.03333333333333333,1184.0,1286.0,0.0028716216216216213
2263,TVSMOTOR,2019-05-17,2019-06-17,0.03333333333333333,463.85,464.0,1.0779346771584007e-05
2264,ULTRACEMCO,2019-05-17,2019-06-17,0.03333333333333333,4500.0,4518.0,0.00013333333333333334
2265,UNIONBANK,2019-05-17,2019-06-17,0.03333333333333333,70.3,72.8,0.0011853959222380274
2266,UPL,2019-05-17,2019-06-17,0.03333333333333333,647.2333333333333,671.6666666666666,0.0012583474961803203
2267,ZEEL,2019-05-17,2019-06-17,0.03333333333333333,350.1,338.0,-0.0011520517947253186
2268,AUBANK,2019-05-17,2019-06-17,0.03333333333333333,642.85,703.5,0.0031448497575898983
2269,ICICIGI,2019-05-17,2019-06-17,0.03333333333333333,1097.0,1163.0,0.0020054694621695537
2270,GICRE,2019-05-17,2019-06-17,0.03333333333333333,224.55,215.0,-0.0014176501150449062
2271,VARROC,2019-05-17,2019-06-17,0.03333333333333333,481.0,475.0,-0.0004158004158004158
2272,ADANIPORTS,2019-06-12,2019-07-11,0.03333333333333333,425.25,408.2,-0.001336468743876152
2273,ADANIPORTS,2019-06-12,2019-07-11,0.03333333333333333,425.25,408.2,-0.001336468743876152
2274,APOLLOHOSP,2019-06-12,2019-07-11,0.03333333333333333,1380.9,1318.15,-0.0015147126270306805
2275,BAJAJHLDNG,2019-06-12,2019-07-11,0.03333333333333333,3779.8,3585.0,-0.0017179039455350387
2276,BAJFINANCE,2019-06-12,2019-07-11,0.03333333333333333,3539.95,3460.0,-0.0007528354920267219
2277,BPCL,2019-06-12,2019-07-11,0.03333333333333333,388.0,348.9,-0.003359106529209624
2278,DABUR,2019-06-12,2019-07-11,0.03333333333333333,409.7,411.0,0.00010576844845822239
2279,FRETAIL,2019-06-12,2019-07-11,0.03333333333333333,478.0,473.65,-0.00030334728033472964
2280,GSKCONS,2019-06-12,2019-07-11,0.03333333333333333,7720.0,7499.0,-0.0009542314335060448
2281,HAVELLS,2019-06-12,2019-07-11,0.03333333333333333,789.0,730.9,-0.0024545838614279687
2282,HINDUNILVR,2019-06-12,2019-07-11,0.03333333333333333,1838.0,1708.0,-0.0023576351106274936
2283,ICICIBANK,2019-06-12,2019-07-11,0.03333333333333333,422.0,432.65,0.0008412322274881499
2284,JINDALSTEL,2019-06-12,2019-07-11,0.03333333333333333,163.4,135.0,-0.0057935536515707885
2285,MARICO,2019-06-12,2019-07-11,0.03333333333333333,376.4,370.95,-0.0004826425788168605
2286,NIITTECH,2019-06-12,2019-07-11,0.03333333333333333,1335.0,1313.0,-0.0005493133583021223
2287,NMDC,2019-06-12,2019-07-11,0.03333333333333333,107.95,115.0,0.0021769337656322362
2288,PFC,2019-06-12,2019-07-11,0.03333333333333333,132.6,125.0,-0.0019105077928607327
2289,RECLTD,2019-06-12,2019-07-11,0.03333333333333333,155.5,143.65,-0.0025401929260450147
2290,TATACONSUM,2019-06-12,2019-07-11,0.03333333333333333,254.8,253.0,-0.00023547880690737982
2291,TITAN,2019-06-12,2019-07-11,0.03333333333333333,1284.95,1109.0,-0.004564379936962529
2292,UPL,2019-06-12,2019-07-11,0.03333333333333333,686.8333333333334,641.1,-0.0022195260050149644
2293,VGUARD,2019-06-12,2019-07-11,0.03333333333333333,238.0,232.3,-0.0007983193277310908
2294,AUBANK,2019-06-12,2019-07-11,0.03333333333333333,709.3,658.0,-0.0024108275764838554
2295,SBILIFE,2019-06-12,2019-07-11,0.03333333333333333,699.9,744.0,0.002100300042863267
2296,GICRE,2019-06-12,2019-07-11,0.03333333333333333,219.9,232.0,0.0018341670456267993
2297,HDFCLIFE,2019-06-12,2019-07-11,0.03333333333333333,446.0,459.75,0.0010276532137518683
2298,CONCOR,2019-06-12,2019-07-11,0.03333333333333333,537.75,558.0,0.0012552301255230125
2299,HDFCAMC,2019-06-12,2019-07-11,0.03333333333333333,1846.0,1947.5,0.001832791621524016
2300,INFY,2019-06-12,2019-07-11,0.03333333333333333,756.95,719.45,-0.0016513640266860425
2301,BRITANNIA,2019-06-12,2019-07-11,0.03333333333333333,2979.95,2780.0,-0.002236614708300473
2302,ADANIPORTS,2019-07-12,2019-08-13,0.03333333333333333,411.95,376.4,-0.0028765626896468024
2303,ALKEM,2019-07-12,2019-08-13,0.03333333333333333,1790.0,1799.0,0.0001675977653631285
2304,AMARAJABAT,2019-07-12,2019-08-13,0.03333333333333333,650.0,626.0,-0.0012307692307692308
2305,APLLTD,2019-07-12,2019-08-13,0.03333333333333333,540.35,545.65,0.00032694858270873535
2306,BPCL,2019-07-12,2019-08-13,0.03333333333333333,352.75,346.0,-0.0006378454996456414
2307,DABUR,2019-07-12,2019-08-13,0.03333333333333333,410.05,438.0,0.002272080640572287
2308,DRREDDY,2019-07-12,2019-08-13,0.03333333333333333,2648.0,2578.0,-0.0008811681772406849
2309,HDFC,2019-07-12,2019-08-13,0.03333333333333333,2270.0,2196.1,-0.00108516886930984
2310,IBULHSGFIN,2019-07-12,2019-08-13,0.03333333333333333,675.95,520.0,-0.007690411026456594
2311,ICICIBANK,2019-07-12,2019-08-13,0.03333333333333333,427.3,417.0,-0.0008034948123878627
2312,INDUSINDBK,2019-07-12,2019-08-13,0.03333333333333333,1550.0,1415.0,-0.002903225806451613
2313,JINDALSTEL,2019-07-12,2019-08-13,0.03333333333333333,133.8,99.45,-0.008557548579970107
2314,NAUKRI,2019-07-12,2019-08-13,0.03333333333333333,2315.0,2222.0,-0.0013390928725701943
2315,OIL,2019-07-12,2019-08-13,0.03333333333333333,173.7,152.4,-0.004087507196315484
2316,PAGEIND,2019-07-12,2019-08-13,0.03333333333333333,20972.25,18188.8,-0.0044240206304362525
2317,PETRONET,2019-07-12,2019-08-13,0.03333333333333333,251.35,240.7,-0.0014123731848020697
2318,POWERGRID,2019-07-12,2019-08-13,0.03333333333333333,208.6,200.45,-0.0013023330137424106
2319,SANOFI,2019-07-12,2019-08-13,0.03333333333333333,5768.0,6200.0,0.0024965325936199723
2320,SBIN,2019-07-12,2019-08-13,0.03333333333333333,363.0,290.9,-0.00662075298438935
2321,TITAN,2019-07-12,2019-08-13,0.03333333333333333,1104.0,1070.0,-0.0010265700483091788
2322,TORNTPHARM,2019-07-12,2019-08-13,0.03333333333333333,1562.8,1630.0,0.0014333248016380866
2323,TORNTPOWER,2019-07-12,2019-08-13,0.03333333333333333,306.05,288.0,-0.0019659097097424177
2324,TVSMOTOR,2019-07-12,2019-08-13,0.03333333333333333,430.0,388.55,-0.003213178294573643
2325,ZEEL,2019-07-12,2019-08-13,0.03333333333333333,357.4,328.7,-0.002676739414288378
2326,SBILIFE,2019-07-12,2019-08-13,0.03333333333333333,756.0,797.25,0.0018187830687830687
2327,GICRE,2019-07-12,2019-08-13,0.03333333333333333,232.4,192.0,-0.005794606999426278
2328,GICRE,2019-07-12,2019-08-13,0.03333333333333333,232.4,192.0,-0.005794606999426278
2329,HDFCLIFE,2019-07-12,2019-08-13,0.03333333333333333,471.0,529.7,0.00415428167020524
2330,VARROC,2019-07-12,2019-08-13,0.03333333333333333,451.4,448.0,-0.0002510707428740199
2331,BERGEPAINT,2019-08-14,2019-09-12,0.03333333333333333,362.0,370.8,0.0008103130755064468
2332,ICICIBANK,2019-08-14,2019-09-12,0.03333333333333333,411.9,399.65,-0.000991340940357692
2333,MARICO,2019-08-14,2019-09-12,0.03333333333333333,394.0,387.0,-0.0005922165820642978
2334,BPCL,2019-08-14,2019-09-12,0.03333333333333333,341.0,387.05,0.004501466275659825
2335,ASIANPAINT,2019-08-14,2019-09-12,0.03333333333333333,1574.5,1570.0,-9.526833915528739e-05
2336,JINDALSTEL,2019-08-14,2019-09-12,0.03333333333333333,95.8,108.2,0.004314544189283231
2337,ADANIPORTS,2019-08-14,2019-09-12,0.03333333333333333,361.55,375.0,0.0012400313465173087
2338,PIDILITIND,2019-08-14,2019-09-12,0.03333333333333333,1349.0,1374.0,0.000617741536940944
2339,BATAINDIA,2019-08-14,2019-09-12,0.03333333333333333,1434.1,1575.0,0.0032749924459010323
2340,HINDUNILVR,2019-08-14,2019-09-12,0.03333333333333333,1826.0,1826.0,0.0
2341,GSPL,2019-08-14,2019-09-12,0.03333333333333333,216.8,218.3,0.00023062730627306272
2342,SANOFI,2019-08-14,2019-09-12,0.03333333333333333,6211.0,6029.4,-0.0009746149304996531
2343,GICRE,2019-08-14,2019-09-12,0.03333333333333333,194.75,177.2,-0.0030038510911424925
2344,TITAN,2019-08-14,2019-09-12,0.03333333333333333,1054.1,1110.7,0.001789836511399935
2345,MRF,2019-08-14,2019-09-12,0.03333333333333333,56621.0,60256.0,0.002139959849996762
2346,NATCOPHARM,2019-08-14,2019-09-12,0.03333333333333333,546.0,576.2,0.0018437118437118465
2347,GSKCONS,2019-08-14,2019-09-12,0.03333333333333333,7824.0,7879.95,0.00023836912065439597
2348,SUNPHARMA,2019-08-14,2019-09-12,0.03333333333333333,440.0,424.75,-0.0011553030303030302
2349,PRESTIGE,2019-08-14,2019-09-12,0.03333333333333333,281.2,304.6,0.0027738264580369886
2350,SPARC,2019-08-14,2019-09-12,0.03333333333333333,163.5,151.0,-0.0025484199796126403
2351,ZEEL,2019-08-14,2019-09-12,0.03333333333333333,331.15,354.75,0.0023755599174593613
2352,HDFCLIFE,2019-08-14,2019-09-12,0.03333333333333333,487.5,539.95,0.0035863247863247892
2353,HCLTECH,2019-08-14,2019-09-12,0.03333333333333333,1069.15,1057.0,-0.00037880559322826823
2354,NAVINFLUOR,2019-08-14,2019-09-12,0.03333333333333333,661.0,725.0,0.003227433182047403
2355,AUROPHARMA,2019-08-14,2019-09-12,0.03333333333333333,605.0,630.75,0.0014187327823691458
2356,IBULHSGFIN,2019-08-14,2019-09-12,0.03333333333333333,587.0,435.35,-0.00861158432708688
2357,HDFCAMC,2019-08-14,2019-09-12,0.03333333333333333,2229.0,2664.3,0.00650964558097802
2358,RELIANCE,2019-08-14,2019-09-12,0.03333333333333333,1304.0,1235.0,-0.0017638036809815949
2359,NIITTECH,2019-08-14,2019-09-12,0.03333333333333333,1314.0,1419.1,0.0026661593099949242
2360,VARROC,2019-08-14,2019-09-12,0.03333333333333333,440.0,469.0,0.002196969696969697
2361,ADANIENT,2019-09-18,2019-10-17,0.03333333333333333,144.0,159.8,0.00365740740740741
2362,ADANIPORTS,2019-09-18,2019-10-17,0.03333333333333333,365.0,409.1,0.0040273972602739745
2363,AJANTPHARM,2019-09-18,2019-10-17,0.03333333333333333,1047.0,962.8,-0.0026806749442852607
2364,APOLLOTYRE,2019-09-18,2019-10-17,0.03333333333333333,177.65,177.35,-5.629045876724108e-05
2365,BATAINDIA,2019-09-18,2019-10-17,0.03333333333333333,1561.1,1700.0,0.0029658574082377827
2366,BBTC,2019-09-18,2019-10-17,0.03333333333333333,1154.7,1179.95,0.0007289050547039635
2367,BPCL,2019-09-18,2019-10-17,0.03333333333333333,379.7,512.4,0.011649547888684048
2368,COLPAL,2019-09-18,2019-10-17,0.03333333333333333,1327.85,1529.9,0.005072109048461804
2369,COROMANDEL,2019-09-18,2019-10-17,0.03333333333333333,399.0,406.25,0.0006056808688387636
2370,CROMPTON,2019-09-18,2019-10-17,0.03333333333333333,240.3,261.4,0.002926896934387566
2371,DRREDDY,2019-09-18,2019-10-17,0.03333333333333333,2739.8,2711.0,-0.0003503905394554369
2372,GODREJCP,2019-09-18,2019-10-17,0.03333333333333333,650.45,710.0,0.0030517334153278477
2373,GRAPHITE,2019-09-18,2019-10-17,0.03333333333333333,348.65,273.95,-0.0071418327835938615
2374,HEG,2019-09-18,2019-10-17,0.03333333333333333,1269.0,885.0,-0.01008668242710796
2375,HINDALCO,2019-09-18,2019-10-17,0.03333333333333333,198.4,185.5,-0.00216733870967742
2376,ICICIBANK,2019-09-18,2019-10-17,0.03333333333333333,405.45,436.0,0.002511612611501625
2377,JINDALSTEL,2019-09-18,2019-10-17,0.03333333333333333,104.0,101.25,-0.0008814102564102563
2378,MOTHERSUMI,2019-09-18,2019-10-17,0.03333333333333333,106.85,99.5,-0.0022929340196537183
2379,PAGEIND,2019-09-18,2019-10-17,0.03333333333333333,19430.0,20900.0,0.002521873391662378
2380,PFIZER,2019-09-18,2019-10-17,0.03333333333333333,3250.15,3190.0,-0.0006168946048643917
2381,PIIND,2019-09-18,2019-10-17,0.03333333333333333,1292.8,1312.0,0.0004950495049504961
2382,SIEMENS,2019-09-18,2019-10-17,0.03333333333333333,1250.0,1610.2,0.009605333333333334
2383,STRTECH,2019-09-18,2019-10-17,0.03333333333333333,151.4,137.8,-0.0029942756494936136
2384,TITAN,2019-09-18,2019-10-17,0.03333333333333333,1163.0,1285.0,0.0034967039266265406
2385,TITAN,2019-09-18,2019-10-17,0.03333333333333333,1163.0,1285.0,0.0034967039266265406
2386,ZEEL,2019-09-18,2019-10-17,0.03333333333333333,338.15,260.6,-0.007644536448321747
2387,BEL,2019-09-18,2019-10-17,0.03333333333333333,109.05,111.95,0.0008864435274339006
2388,DMART,2019-09-18,2019-10-17,0.03333333333333333,1610.0,1883.0,0.005652173913043478
2389,GODREJAGRO,2019-09-18,2019-10-17,0.03333333333333333,473.0,484.15,0.0007857646229739237
2390,GICRE,2019-09-18,2019-10-17,0.03333333333333333,185.95,279.0,0.016680111140987722
2391,ADANIENT,2019-10-17,2019-11-15,0.03333333333333333,159.8,202.0,0.008802670004171878
2392,ADANIPORTS,2019-10-17,2019-11-15,0.03333333333333333,409.1,369.1,-0.0032591868328851947
2393,BAJAJ-AUTO,2019-10-17,2019-11-15,0.03333333333333333,3009.0,3240.0,0.002558989697573945
2394,BERGEPAINT,2019-10-17,2019-11-15,0.03333333333333333,472.0,484.25,0.0008651129943502825
2395,BIOCON,2019-10-17,2019-11-15,0.03333333333333333,257.6,255.0,-0.00033643892339544804
2396,BPCL,2019-10-17,2019-11-15,0.03333333333333333,512.4,513.95,0.00010083268279990036
2397,BPCL,2019-10-17,2019-11-15,0.03333333333333333,512.4,513.95,0.00010083268279990036
2398,COLPAL,2019-10-17,2019-11-15,0.03333333333333333,1529.9,1550.0,0.00043793712007320534
2399,DIVISLAB,2019-10-17,2019-11-15,0.03333333333333333,1723.0,1645.0,-0.0015089959373186304
2400,ESCORTS,2019-10-17,2019-11-15,0.03333333333333333,627.1,657.0,0.0015893265295274532
2401,GODREJCP,2019-10-17,2019-11-15,0.03333333333333333,710.0,714.95,0.00023239436619718523
2402,GODREJCP,2019-10-17,2019-11-15,0.03333333333333333,710.0,714.95,0.00023239436619718523
2403,HEG,2019-10-17,2019-11-15,0.03333333333333333,885.0,1030.0,0.005461393596986817
2404,HINDUNILVR,2019-10-17,2019-11-15,0.03333333333333333,2067.5,2062.25,-8.464328899637243e-05
2405,MGL,2019-10-17,2019-11-15,0.03333333333333333,981.0,1029.0,0.0016309887869520897
2406,MINDTREE,2019-10-17,2019-11-15,0.03333333333333333,745.0,691.0,-0.002416107382550336
2407,NESTLEIND,2019-10-17,2019-11-15,0.03333333333333333,14383.0,14261.85,-0.00028077128091033316
2408,NMDC,2019-10-17,2019-11-15,0.03333333333333333,102.0,99.0,-0.000980392156862745
2409,OIL,2019-10-17,2019-11-15,0.03333333333333333,161.3,160.45,-0.0001756561272990334
2410,ONGC,2019-10-17,2019-11-15,0.03333333333333333,141.1,137.3,-0.0008977084809827506
2411,RELIANCE,2019-10-17,2019-11-15,0.03333333333333333,1375.0,1465.65,0.0021975757575757597
2412,SIEMENS,2019-10-17,2019-11-15,0.03333333333333333,1610.2,1613.3,6.41742226638494e-05
2413,DMART,2019-10-17,2019-11-15,0.03333333333333333,1883.0,1923.95,0.0007249070631970268
2414,SBILIFE,2019-10-17,2019-11-15,0.03333333333333333,880.0,1008.2,0.0048560606060606085
2415,GICRE,2019-10-17,2019-11-15,0.03333333333333333,279.0,269.0,-0.0011947431302270011
2416,IGL,2019-10-17,2019-11-15,0.03333333333333333,375.2,425.0,0.004424307036247336
2417,HDFCLIFE,2019-10-17,2019-11-15,0.03333333333333333,612.95,588.35,-0.0013377926421404692
2418,BANDHANBNK,2019-10-17,2019-11-15,0.03333333333333333,576.7,560.75,-0.0009219120282064646
2419,BRITANNIA,2019-10-17,2019-11-15,0.03333333333333333,3176.0,3230.2,0.0005688497061293013
2420,EICHERMOT,2019-10-17,2019-11-15,0.03333333333333333,19500.0,21850.0,0.004017094017094017
2421,AUBANK,2019-11-15,2019-12-16,0.03333333333333333,820.0,800.1,-0.0008089430894308934
2422,EDELWEISS,2019-11-15,2019-12-16,0.03333333333333333,130.55,122.0,-0.002183071620068942
2423,DHANI,2019-11-15,2019-12-16,0.03333333333333333,146.9,168.0,0.004787837531200362
2424,GODREJIND,2019-11-15,2019-12-16,0.03333333333333333,439.0,415.35,-0.001795747911921031
2425,SRF,2019-11-15,2019-12-16,0.03333333333333333,3178.0,3303.0,0.0013110971260750998
2426,DLF,2019-11-15,2019-12-16,0.03333333333333333,210.0,227.5,0.002777777777777778
2427,IPCALAB,2019-11-15,2019-12-16,0.03333333333333333,1137.9,1135.0,-8.495181181709263e-05
2428,HDFCAMC,2019-11-15,2019-12-16,0.03333333333333333,3625.0,3137.0,-0.00448735632183908
2429,IGL,2019-11-15,2019-12-16,0.03333333333333333,425.0,413.0,-0.0009411764705882353
2430,ICICIPRULI,2019-11-15,2019-12-16,0.03333333333333333,526.4,497.95,-0.0018015450861195534
2431,MOTHERSUMI,2019-11-15,2019-12-16,0.03333333333333333,137.65,141.95,0.0010412882915607174
2432,PFIZER,2019-11-15,2019-12-16,0.03333333333333333,4011.0,4374.0,0.0030167040638244824
2433,BAJAJFINSV,2019-11-15,2019-12-16,0.03333333333333333,9070.2,9250.0,0.0006607719050664053
2434,BPCL,2019-11-15,2019-12-16,0.03333333333333333,513.95,495.0,-0.001229043032720436
2435,NAVINFLUOR,2019-11-15,2019-12-16,0.03333333333333333,901.1,944.9,0.0016202419265342342
2436,AMARAJABAT,2019-11-15,2019-12-16,0.03333333333333333,750.0,744.9,-0.00022666666666666769
2437,COROMANDEL,2019-11-15,2019-12-16,0.03333333333333333,473.15,516.9,0.0030821797174962135
2438,ICICIBANK,2019-11-15,2019-12-16,0.03333333333333333,497.85,539.5,0.0027886578956178216
2439,ADANIPORTS,2019-11-15,2019-12-16,0.03333333333333333,369.1,377.25,0.0007360245642553939
2440,HDFC,2019-11-15,2019-12-16,0.03333333333333333,2220.1,2356.0,0.0020404486284401617
2441,MFSL,2019-11-15,2019-12-16,0.03333333333333333,480.0,504.7,0.001715277777777777
2442,ADANIENT,2019-11-15,2019-12-16,0.03333333333333333,202.0,212.1,0.0016666666666666657
2443,ICICIGI,2019-11-15,2019-12-16,0.03333333333333333,1380.0,1351.9,-0.0006787439613526548
2444,MGL,2019-11-15,2019-12-16,0.03333333333333333,1029.0,1044.0,0.00048590864917395527
2445,HDFCBANK,2019-11-15,2019-12-16,0.03333333333333333,1283.85,1269.25,-0.00037906816736118994
2446,PFC,2019-11-15,2019-12-16,0.03333333333333333,111.5,115.0,0.0010463378176382662
2447,JINDALSTEL,2019-11-15,2019-12-16,0.03333333333333333,141.2,136.8,-0.0010387157695939515
2448,HEG,2019-11-15,2019-12-16,0.03333333333333333,1030.0,1083.0,0.001715210355987055
2449,GODREJCP,2019-11-15,2019-12-16,0.03333333333333333,714.95,670.0,-0.0020957176492528637
2450,SBILIFE,2019-11-15,2019-12-16,0.03333333333333333,1008.2,973.8,-0.0011373404747735266
2451,BIOCON,2019-12-13,2020-01-13,0.03333333333333333,294.0,283.45,-0.0011961451247165544
2452,COROMANDEL,2019-12-13,2020-01-13,0.03333333333333333,512.65,539.8,0.0017653369745440346
2453,KOTAKBANK,2019-12-13,2020-01-13,0.03333333333333333,1716.2,1692.0,-0.0004700306879540078
2454,BPCL,2019-12-13,2020-01-13,0.03333333333333333,492.5,471.0,-0.001455160744500846
2455,ISEC,2019-12-13,2020-01-13,0.03333333333333333,356.05,408.0,0.004863549126995271
2456,ICICIBANK,2019-12-13,2020-01-13,0.03333333333333333,537.9,539.4,9.295408068414204e-05
2457,ADANIPORTS,2019-12-13,2020-01-13,0.03333333333333333,372.55,391.9,0.0017313112333914881
2458,DLF,2019-12-13,2020-01-13,0.03333333333333333,226.1,244.35,0.002690549904172195
2459,CUB,2019-12-13,2020-01-13,0.03333333333333333,233.0,235.4,0.0003433476394849793
2460,SRF,2019-12-13,2020-01-13,0.03333333333333333,3305.8,3502.0,0.0019783410974650592
2461,MANAPPURAM,2019-12-13,2020-01-13,0.03333333333333333,173.25,172.05,-0.00023088023088022868
2462,DIVISLAB,2019-12-13,2020-01-13,0.03333333333333333,1833.7,1870.2,0.0006635036629037828
2463,GODREJCP,2019-12-13,2020-01-13,0.03333333333333333,670.35,742.25,0.0035752467616419273
2464,CADILAHC,2019-12-13,2020-01-13,0.03333333333333333,264.0,258.0,-0.0007575757575757576
2465,HEG,2019-12-13,2020-01-13,0.03333333333333333,1091.8,1074.0,-0.0005434450754106355
2466,TATACONSUM,2019-12-13,2020-01-13,0.03333333333333333,323.9,343.0,0.0019656272512092233
2467,TATAMTRDVR,2019-12-13,2020-01-13,0.03333333333333333,72.25,81.25,0.004152249134948096
2468,TITAN,2019-12-13,2020-01-13,0.03333333333333333,1193.0,1155.0,-0.0010617490919251186
2469,NMDC,2019-12-13,2020-01-13,0.03333333333333333,114.25,121.45,0.0021006564551422327
2470,MINDTREE,2019-12-13,2020-01-13,0.03333333333333333,751.0,834.95,0.003726142920550379
2471,L&TFH,2019-12-13,2020-01-13,0.03333333333333333,115.2,123.0,0.0022569444444444434
2472,PETRONET,2019-12-13,2020-01-13,0.03333333333333333,273.3,270.0,-0.0004024881083058923
2473,PFIZER,2019-12-13,2020-01-13,0.03333333333333333,4315.0,4024.0,-0.0022479721900347622
2474,MUTHOOTFIN,2019-12-13,2020-01-13,0.03333333333333333,712.9,749.0,0.001687941272735775
2475,ABFRL,2019-12-13,2020-01-13,0.03333333333333333,225.1,235.6,0.0015548645046645935
2476,RELIANCE,2019-12-13,2020-01-13,0.03333333333333333,1580.0,1545.05,-0.0007373417721518998
2477,GODREJAGRO,2019-12-13,2020-01-13,0.03333333333333333,501.1,552.7,0.0034324486130512884
2478,BALKRISIND,2019-12-13,2020-01-13,0.03333333333333333,923.0,1039.5,0.004207295052365475
2479,NAVINFLUOR,2019-12-13,2020-01-13,0.03333333333333333,930.0,1065.0,0.004838709677419355
2480,LTTS,2019-12-13,2020-01-13,0.03333333333333333,1502.0,1569.9,0.0015068797159343119
2481,SHREECEM,2020-01-14,2020-02-12,0.03333333333333333,23670.0,24981.0,0.0018462188424165612
2482,ALKEM,2020-01-14,2020-02-12,0.03333333333333333,2344.5,2650.0,0.004343498969218739
2483,AJANTPHARM,2020-01-14,2020-02-12,0.03333333333333333,1042.0,1368.0,0.010428662827895074
2484,VARROC,2020-01-14,2020-02-12,0.03333333333333333,473.85,420.6,-0.0037459111533185603
2485,NIITTECH,2020-01-14,2020-02-12,0.03333333333333333,1774.5,1836.0,0.0011552550014088474
2486,GODREJCP,2020-01-14,2020-02-12,0.03333333333333333,742.8,620.9,-0.0054702925866092255
2487,TATASTEEL,2020-01-14,2020-02-12,0.03333333333333333,496.45,450.0,-0.00311881021922315
2488,BALKRISIND,2020-01-14,2020-02-12,0.03333333333333333,1038.05,1148.5,0.0035467141916734916
2489,JUBLFOOD,2020-01-14,2020-02-12,0.03333333333333333,1732.0,1834.9,0.001980369515011549
2490,TATACONSUM,2020-01-14,2020-02-12,0.03333333333333333,360.5,391.7,0.002884882108183078
2491,SRF,2020-01-14,2020-02-12,0.03333333333333333,3521.2,4164.0,0.006085046764360637
2492,JINDALSTEL,2020-01-14,2020-02-12,0.03333333333333333,178.5,198.7,0.003772175536881417
2493,TORNTPOWER,2020-01-14,2020-02-12,0.03333333333333333,301.4,306.3,0.0005419155054191589
2494,CUMMINSIND,2020-01-14,2020-02-12,0.03333333333333333,591.85,545.8,-0.0025935625580805984
2495,BPCL,2020-01-14,2020-02-12,0.03333333333333333,473.9,483.0,0.0006400787789266387
2496,ULTRACEMCO,2020-01-14,2020-02-12,0.03333333333333333,4465.0,4492.7,0.00020679357969391427
2497,RAMCOCEM,2020-01-14,2020-02-12,0.03333333333333333,827.7,776.2,-0.002074020377753614
2498,PIDILITIND,2020-01-14,2020-02-12,0.03333333333333333,1425.5,1583.35,0.0036911025371214753
2499,LTTS,2020-01-14,2020-02-12,0.03333333333333333,1562.35,1700.0,0.002936815267599025
2500,GAIL,2020-01-14,2020-02-12,0.03333333333333333,129.5,129.7,5.148005148004855e-05
2501,DLF,2020-01-14,2020-02-12,0.03333333333333333,252.1,233.9,-0.0024064524659526626
2502,GSPL,2020-01-14,2020-02-12,0.03333333333333333,234.6,242.5,0.0011224779766979265
2503,BHARATFORG,2020-01-14,2020-02-12,0.03333333333333333,517.2,491.45,-0.0016595772106212975
2504,LTI,2020-01-14,2020-02-12,0.03333333333333333,1830.0,2004.9,0.0031857923497267773
2505,ADANIPORTS,2020-01-14,2020-02-12,0.03333333333333333,391.0,376.95,-0.0011977834612105721
2506,TATACHEM,2020-01-14,2020-02-12,0.03333333333333333,708.0,760.05,0.0024505649717514104
2507,INDIGO,2020-01-14,2020-02-12,0.03333333333333333,1430.0,1392.0,-0.0008857808857808858
2508,COROMANDEL,2020-01-14,2020-02-12,0.03333333333333333,542.6,609.85,0.004131342916820248
2509,FORTIS,2020-01-14,2020-02-12,0.03333333333333333,144.0,159.0,0.003472222222222222
2510,INFY,2020-01-14,2020-02-12,0.03333333333333333,769.95,775.8,0.0002532631989090161
2511,AJANTPHARM,2020-02-10,2020-03-09,0.03333333333333333,1369.5,1415.0,0.0011074601436047219
2512,DIVISLAB,2020-02-10,2020-03-09,0.03333333333333333,2085.0,2240.0,0.0024780175859312552
2513,SRF,2020-02-10,2020-03-09,0.03333333333333333,4122.0,3840.0,-0.0022804463852498786
2514,ESCORTS,2020-02-10,2020-03-09,0.03333333333333333,866.0,804.0,-0.0023864511162432636
2515,DMART,2020-02-10,2020-03-09,0.03333333333333333,2287.2,2185.0,-0.0014894485251253325
2516,AUBANK,2020-02-10,2020-03-09,0.03333333333333333,1130.0,1104.0,-0.0007669616519174042
2517,FORTIS,2020-02-10,2020-03-09,0.03333333333333333,164.2,146.0,-0.0036946812829882236
2518,BAJFINANCE,2020-02-10,2020-03-09,0.03333333333333333,4660.0,4070.0,-0.004220314735336195
2519,NATCOPHARM,2020-02-10,2020-03-09,0.03333333333333333,711.05,599.0,-0.00525279516208424
2520,ABFRL,2020-02-10,2020-03-09,0.03333333333333333,262.3,230.0,-0.004104714703265982
2521,NAUKRI,2020-02-10,2020-03-09,0.03333333333333333,3097.5,2575.0,-0.005622814097390369
2522,ALKEM,2020-02-10,2020-03-09,0.03333333333333333,2558.3,2626.6,0.0008899138750993462
2523,UNITDSPR,2020-02-10,2020-03-09,0.03333333333333333,672.1,638.0,-0.001691216584833607
2524,BPCL,2020-02-10,2020-03-09,0.03333333333333333,492.0,413.9,-0.005291327913279134
2525,HINDUNILVR,2020-02-10,2020-03-09,0.03333333333333333,2160.1,2140.0,-0.00031017082542474745
2526,AUROPHARMA,2020-02-10,2020-03-09,0.03333333333333333,548.2,503.0,-0.0027483886659370083
2527,BAJAJHLDNG,2020-02-10,2020-03-09,0.03333333333333333,3786.05,3148.0,-0.005617552154180039
2528,ADANIENT,2020-02-10,2020-03-09,0.03333333333333333,239.5,207.0,-0.004523312456506611
2529,APLLTD,2020-02-10,2020-03-09,0.03333333333333333,644.95,609.95,-0.001808925756518593
2530,M&MFIN,2020-02-10,2020-03-09,0.03333333333333333,397.3,325.1,-0.006057555164023827
2531,BHARTIARTL,2020-02-10,2020-03-09,0.03333333333333333,540.2,510.0,-0.0018635073429594004
2532,TATACHEM,2020-02-10,2020-03-09,0.03333333333333333,766.8,305.0,-0.020074769605286036
2533,GODREJPROP,2020-02-10,2020-03-09,0.03333333333333333,1168.8,900.0,-0.0076659822039698835
2534,ADANIPORTS,2020-02-10,2020-03-09,0.03333333333333333,370.05,334.7,-0.0031842543800387354
2535,PIDILITIND,2020-02-10,2020-03-09,0.03333333333333333,1558.9,1669.0,0.00235422413240105
2536,HEG,2020-02-10,2020-03-09,0.03333333333333333,1234.45,892.0,-0.009247033091660254
2537,CROMPTON,2020-02-10,2020-03-09,0.03333333333333333,285.5,266.2,-0.002253356684179803
2538,SHREECEM,2020-02-10,2020-03-09,0.03333333333333333,25000.0,23000.5,-0.0026660000000000004
2539,IGL,2020-02-10,2020-03-09,0.03333333333333333,511.0,432.35,-0.005130463144161773
2540,TATACONSUM,2020-02-10,2020-03-09,0.03333333333333333,398.45,338.0,-0.005057096247960848
2541,ADANIPORTS,2020-03-16,2020-04-13,0.03333333333333333,273.0,252.0,-0.002564102564102564
2542,ASHOKLEY,2020-03-16,2020-04-13,0.03333333333333333,62.2,45.7,-0.008842443729903537
2543,BANKBARODA,2020-03-16,2020-04-13,0.03333333333333333,62.0,50.9,-0.005967741935483872
2544,BANKINDIA,2020-03-16,2020-04-13,0.03333333333333333,36.3,34.3,-0.0018365472910927458
2545,BPCL,2020-03-16,2020-04-13,0.03333333333333333,350.0,345.0,-0.0004761904761904762
2546,CIPLA,2020-03-16,2020-04-13,0.03333333333333333,416.0,605.0,0.01514423076923077
2547,FEDERALBNK,2020-03-16,2020-04-13,0.03333333333333333,64.7,40.9,-0.012261720762493562
2548,GRAPHITE,2020-03-16,2020-04-13,0.03333333333333333,144.8,170.4,0.005893186003683239
2549,HDFC,2020-03-16,2020-04-13,0.03333333333333333,1964.0,1725.0,-0.004056347589952478
2550,DHANI,2020-03-16,2020-04-13,0.03333333333333333,170.35,103.0,-0.013178749633108305
2551,INFRATEL,2020-03-16,2020-04-13,0.03333333333333333,219.8,173.2,-0.007067030633909618
2552,IPCALAB,2020-03-16,2020-04-13,0.03333333333333333,1318.0,1623.1,0.007716236722306522
2553,MRF,2020-03-16,2020-04-13,0.03333333333333333,62000.0,59500.0,-0.0013440860215053762
2554,MUTHOOTFIN,2020-03-16,2020-04-13,0.03333333333333333,774.8,743.0,-0.0013680949922560642
2555,OBEROIRLTY,2020-03-16,2020-04-13,0.03333333333333333,432.0,308.55,-0.009525462962962961
2556,PFIZER,2020-03-16,2020-04-13,0.03333333333333333,4280.0,4510.0,0.0017912772585669783
2557,RBLBANK,2020-03-16,2020-04-13,0.03333333333333333,199.0,120.0,-0.013232830820770519
2558,SANOFI,2020-03-16,2020-04-13,0.03333333333333333,7090.1,7420.0,0.0015509889376266418
2559,STRTECH,2020-03-16,2020-04-13,0.03333333333333333,71.0,74.9,0.0018309859154929606
2560,SUNPHARMA,2020-03-16,2020-04-13,0.03333333333333333,376.0,462.95,0.007708333333333333
2561,SUNPHARMA,2020-03-16,2020-04-13,0.03333333333333333,376.0,462.95,0.007708333333333333
2562,TATACOMM,2020-03-16,2020-04-13,0.03333333333333333,250.0,298.0,0.0064
2563,TATAMTRDVR,2020-03-16,2020-04-13,0.03333333333333333,45.4,35.0,-0.00763582966226138
2564,TATASTEEL,2020-03-16,2020-04-13,0.03333333333333333,304.0,285.0,-0.0020833333333333333
2565,WHIRLPOOL,2020-03-16,2020-04-13,0.03333333333333333,2160.0,1830.0,-0.005092592592592593
2566,VBL,2020-03-16,2020-04-13,0.03333333333333333,745.0,580.0,-0.00738255033557047
2567,JSWSTEEL,2020-03-16,2020-04-13,0.03333333333333333,202.0,167.5,-0.005693069306930693
2568,NAVINFLUOR,2020-03-16,2020-04-13,0.03333333333333333,1301.25,1500.0,0.005091258405379443
2569,NAVINFLUOR,2020-03-16,2020-04-13,0.03333333333333333,1301.25,1500.0,0.005091258405379443
2570,EICHERMOT,2020-03-16,2020-04-13,0.03333333333333333,16874.9,13730.0,-0.006212184961096067
2571,CIPLA,2020-04-20,2020-05-18,0.03333333333333333,598.0,570.6,-0.0015273132664437
2572,DRREDDY,2020-04-20,2020-05-18,0.03333333333333333,3923.55,3760.15,-0.0013881986126509588
2573,LUPIN,2020-04-20,2020-05-18,0.03333333333333333,822.0,838.0,0.0006488240064882401
2574,GLENMARK,2020-04-20,2020-05-18,0.03333333333333333,315.15,341.0,0.0027341477603257734
2575,BIOCON,2020-04-20,2020-05-18,0.03333333333333333,359.9,329.0,-0.0028619060850236153
2576,SANOFI,2020-04-20,2020-05-18,0.03333333333333333,7934.0,7770.0,-0.0006890177296025545
2577,ADANIPORTS,2020-04-20,2020-05-18,0.03333333333333333,273.5,306.0,0.003960999390615478
2578,HINDZINC,2020-04-20,2020-05-18,0.03333333333333333,174.85,195.5,0.003936707654179774
2579,GRAPHITE,2020-04-20,2020-05-18,0.03333333333333333,207.0,189.55,-0.002809983896940417
2580,CESC,2020-04-20,2020-05-18,0.03333333333333333,598.0,581.0,-0.000947603121516165
2581,NIACL,2020-04-20,2020-05-18,0.03333333333333333,126.85,121.5,-0.0014058599395611602
2582,AUROPHARMA,2020-04-20,2020-05-18,0.03333333333333333,544.25,665.0,0.007395498392282959
2583,STRTECH,2020-04-20,2020-05-18,0.03333333333333333,86.0,100.75,0.005717054263565891
2584,SUNPHARMA,2020-04-20,2020-05-18,0.03333333333333333,457.35,447.0,-0.0007543456871105296
2585,HEG,2020-04-20,2020-05-18,0.03333333333333333,822.85,775.0,-0.0019383848818132108
2586,TATAMTRDVR,2020-04-20,2020-05-18,0.03333333333333333,36.2,35.2,-0.0009208103130755064
2587,NATCOPHARM,2020-04-20,2020-05-18,0.03333333333333333,623.4,584.0,-0.0021067265533098053
2588,SYNGENE,2020-04-20,2020-05-18,0.03333333333333333,291.95,340.0,0.00548609921790261
2589,GICRE,2020-04-20,2020-05-18,0.03333333333333333,143.75,136.35,-0.0017159420289855085
2590,MOTHERSUMI,2020-04-20,2020-05-18,0.03333333333333333,88.0,82.2,-0.002196969696969696
2591,IGL,2020-04-20,2020-05-18,0.03333333333333333,462.0,459.0,-0.00021645021645021645
2592,COLPAL,2020-04-20,2020-05-18,0.03333333333333333,1384.0,1342.1,-0.0010091522157996168
2593,CADILAHC,2020-04-20,2020-05-18,0.03333333333333333,340.0,332.5,-0.0007352941176470588
2594,PGHH,2020-04-20,2020-05-18,0.03333333333333333,11174.9,10031.0,-0.0034121110703451475
2595,DIVISLAB,2020-04-20,2020-05-18,0.03333333333333333,2335.0,2342.0,9.992862241256246e-05
2596,ALKEM,2020-04-20,2020-05-18,0.03333333333333333,2670.0,2486.0,-0.0022971285892634205
2597,HINDPETRO,2020-04-20,2020-05-18,0.03333333333333333,220.8,189.5,-0.004725241545893721
2598,MARICO,2020-04-20,2020-05-18,0.03333333333333333,304.05,320.0,0.0017486159074713576
2599,HDFCAMC,2020-04-20,2020-05-18,0.03333333333333333,2700.0,2530.0,-0.0020987654320987655
2600,NTPC,2020-04-20,2020-05-18,0.03333333333333333,97.0,90.5,-0.002233676975945017
2601,ADANIPORTS,2020-05-18,2020-06-15,0.03333333333333333,306.0,346.5,0.004411764705882353
2602,ADANIPORTS,2020-05-18,2020-06-15,0.03333333333333333,306.0,346.5,0.004411764705882353
2603,AMBUJACEM,2020-05-18,2020-06-15,0.03333333333333333,182.0,192.85,0.001987179487179486
2604,APLLTD,2020-05-18,2020-06-15,0.03333333333333333,878.9,858.0,-0.0007926574885273249
2605,AUROPHARMA,2020-05-18,2020-06-15,0.03333333333333333,665.0,766.1,0.005067669172932332
2606,BAJAJ-AUTO,2020-05-18,2020-06-15,0.03333333333333333,2650.0,2774.0,0.0015597484276729558
2607,BHARTIARTL,2020-05-18,2020-06-15,0.03333333333333333,556.9,556.0,-5.386963548213188e-05
2608,COROMANDEL,2020-05-18,2020-06-15,0.03333333333333333,629.0,677.5,0.002570217276099629
2609,ESCORTS,2020-05-18,2020-06-15,0.03333333333333333,824.95,975.95,0.006101379881608986
2610,GLENMARK,2020-05-18,2020-06-15,0.03333333333333333,341.0,404.0,0.0061583577712609975
2611,HEROMOTOCO,2020-05-18,2020-06-15,0.03333333333333333,2197.0,2394.95,0.003003337884994687
2612,HINDZINC,2020-05-18,2020-06-15,0.03333333333333333,195.5,174.65,-0.003554987212276214
2613,IBULHSGFIN,2020-05-18,2020-06-15,0.03333333333333333,131.9,153.0,0.005332322466515035
2614,INFRATEL,2020-05-18,2020-06-15,0.03333333333333333,205.0,226.0,0.0034146341463414634
2615,JUBLFOOD,2020-05-18,2020-06-15,0.03333333333333333,1663.0,1729.95,0.001341952295049109
2616,LTI,2020-05-18,2020-06-15,0.03333333333333333,1655.0,1846.0,0.003846928499496475
2617,MANAPPURAM,2020-05-18,2020-06-15,0.03333333333333333,126.95,146.9,0.005238282788499409
2618,MARICO,2020-05-18,2020-06-15,0.03333333333333333,320.0,335.1,0.001572916666666669
2619,MPHASIS,2020-05-18,2020-06-15,0.03333333333333333,841.0,864.85,0.0009453032104637345
2620,NIITTECH,2020-05-18,2020-06-15,0.03333333333333333,1369.85,1345.0,-0.000604689077879571
2621,OFSS,2020-05-18,2020-06-15,0.03333333333333333,2650.0,2563.0,-0.0010943396226415095
2622,RAMCOCEM,2020-05-18,2020-06-15,0.03333333333333333,578.0,630.0,0.0029988465974625147
2623,STRTECH,2020-05-18,2020-06-15,0.03333333333333333,100.75,104.35,0.0011910669975186087
2624,SYNGENE,2020-05-18,2020-06-15,0.03333333333333333,340.0,373.95,0.0033284313725490187
2625,TATACHEM,2020-05-18,2020-06-15,0.03333333333333333,294.0,313.95,0.0022619047619047605
2626,TATAMTRDVR,2020-05-18,2020-06-15,0.03333333333333333,35.2,44.7,0.00899621212121212
2627,TVSMOTOR,2020-05-18,2020-06-15,0.03333333333333333,341.0,340.35,-6.353861192570648e-05
2628,ULTRACEMCO,2020-05-18,2020-06-15,0.03333333333333333,3584.4,3726.45,0.001321002120299071
2629,VEDL,2020-05-18,2020-06-15,0.03333333333333333,93.95,104.0,0.003565726450239488
2630,VGUARD,2020-05-18,2020-06-15,0.03333333333333333,178.45,175.5,-0.0005510413748015296
2631,GODREJIND,2020-06-15,2020-07-13,0.03333333333333333,378.0,378.45,3.968253968253868e-05
2632,PRESTIGE,2020-06-15,2020-07-13,0.03333333333333333,201.9,196.0,-0.0009740795773485232
2633,FRETAIL,2020-06-15,2020-07-13,0.03333333333333333,112.7,105.0,-0.0022774327122153217
2634,JINDALSTEL,2020-06-15,2020-07-13,0.03333333333333333,142.7,170.5,0.006493809857509931
2635,MUTHOOTFIN,2020-06-15,2020-07-13,0.03333333333333333,979.6,1090.3,0.003766843609636584
2636,MGL,2020-06-15,2020-07-13,0.03333333333333333,1076.0,970.4,-0.0032713754646840156
2637,INDUSINDBK,2020-06-15,2020-07-13,0.03333333333333333,525.0,549.7,0.001568253968253971
2638,MANAPPURAM,2020-06-15,2020-07-13,0.03333333333333333,146.9,161.3,0.0032675289312457468
2639,RBLBANK,2020-06-15,2020-07-13,0.03333333333333333,168.5,185.9,0.0034421364985163217
2640,M&M,2020-06-15,2020-07-13,0.03333333333333333,505.15,560.0,0.003619386980764791
2641,GODREJPROP,2020-06-15,2020-07-13,0.03333333333333333,832.5,900.15,0.0027087087087087074
2642,CADILAHC,2020-06-15,2020-07-13,0.03333333333333333,380.0,357.9,-0.0019385964912280722
2643,GSPL,2020-06-15,2020-07-13,0.03333333333333333,222.0,211.25,-0.001614114114114114
2644,ENDURANCE,2020-06-15,2020-07-13,0.03333333333333333,823.0,934.0,0.004495747266099635
2645,BHARATFORG,2020-06-15,2020-07-13,0.03333333333333333,351.0,359.0,0.0007597340930674264
2646,ADANIPORTS,2020-06-15,2020-07-13,0.03333333333333333,346.5,336.25,-0.0009860509860509861
2647,ADANIENT,2020-06-15,2020-07-13,0.03333333333333333,151.8,161.45,0.0021190162494510267
2648,LTI,2020-06-15,2020-07-13,0.03333333333333333,1846.0,2123.0,0.005001805706031058
2649,CANBK,2020-06-15,2020-07-13,0.03333333333333333,103.5,105.0,0.00048309178743961357
2650,GLENMARK,2020-06-15,2020-07-13,0.03333333333333333,404.0,428.9,0.0020544554455445524
2651,LTTS,2020-06-15,2020-07-13,0.03333333333333333,1348.0,1429.0,0.0020029673590504452
2652,RECLTD,2020-06-15,2020-07-13,0.03333333333333333,105.9,105.25,-0.00020459553037456896
2653,PETRONET,2020-06-15,2020-07-13,0.03333333333333333,259.45,263.0,0.00045609301728014533
2654,BANDHANBNK,2020-06-15,2020-07-13,0.03333333333333333,278.0,378.0,0.011990407673860911
2655,APOLLOHOSP,2020-06-15,2020-07-13,0.03333333333333333,1394.8,1414.95,0.0004815505209826999
2656,UBL,2020-06-15,2020-07-13,0.03333333333333333,1013.6,1033.2,0.0006445672191528552
2657,SHREECEM,2020-06-15,2020-07-13,0.03333333333333333,22260.0,22460.0,0.0002994908655286014
2658,BALKRISIND,2020-06-15,2020-07-13,0.03333333333333333,1155.0,1275.0,0.003463203463203463
2659,VEDL,2020-06-15,2020-07-13,0.03333333333333333,104.0,111.2,0.0023076923076923088
2660,ESCORTS,2020-06-15,2020-07-13,0.03333333333333333,975.95,1142.0,0.005671397100261282
2661,BBTC,2020-07-14,2020-08-12,0.03333333333333333,1221.0,1456.6,0.006431886431886429
2662,BIOCON,2020-07-14,2020-08-12,0.03333333333333333,419.8,407.55,-0.0009726854057487693
2663,BOSCHLTD,2020-07-14,2020-08-12,0.03333333333333333,13715.0,13250.0,-0.0011301494713816989
2664,COLPAL,2020-07-14,2020-08-12,0.03333333333333333,1437.5,1444.0,0.00015072463768115943
2665,DABUR,2020-07-14,2020-08-12,0.03333333333333333,486.0,513.9,0.0019135802469135788
2666,EMAMILTD,2020-07-14,2020-08-12,0.03333333333333333,245.7,333.5,0.011911545244878582
2667,ESCORTS,2020-07-14,2020-08-12,0.03333333333333333,1124.8,1118.95,-0.00017336415362730883
2668,HINDALCO,2020-07-14,2020-08-12,0.03333333333333333,167.7,177.35,0.0019181077320612218
2669,HINDUNILVR,2020-07-14,2020-08-12,0.03333333333333333,2264.8,2200.05,-0.0009529906982220651
2670,IBULHSGFIN,2020-07-14,2020-08-12,0.03333333333333333,235.95,214.0,-0.0031009394645758266
2671,DHANI,2020-07-14,2020-08-12,0.03333333333333333,127.9,153.7,0.00672400312744331
2672,JINDALSTEL,2020-07-14,2020-08-12,0.03333333333333333,168.9,209.0,0.007913953029405958
2673,LALPATHLAB,2020-07-14,2020-08-12,0.03333333333333333,1882.9,1863.0,-0.0003522934480499954
2674,LTI,2020-07-14,2020-08-12,0.03333333333333333,2200.0,2500.0,0.004545454545454545
2675,LTTS,2020-07-14,2020-08-12,0.03333333333333333,1444.3,1589.75,0.0033568741489533576
2676,LTTS,2020-07-14,2020-08-12,0.03333333333333333,1444.3,1589.75,0.0033568741489533576
2677,M&MFIN,2020-07-14,2020-08-12,0.03333333333333333,202.75,132.0,-0.01163173037402384
2678,MFSL,2020-07-14,2020-08-12,0.03333333333333333,555.0,535.0,-0.0012012012012012011
2679,MINDTREE,2020-07-14,2020-08-12,0.03333333333333333,1011.5,1120.0,0.0035755478662053055
2680,NIITTECH,2020-07-14,2020-08-12,0.03333333333333333,1583.5,1975.0,0.008241237764445847
2681,PEL,2020-07-14,2020-08-12,0.03333333333333333,1436.0,1479.3,0.0010051067780872784
2682,RELIANCE,2020-07-14,2020-08-12,0.03333333333333333,1934.0,2121.0,0.003223026542571527
2683,TATACONSUM,2020-07-14,2020-08-12,0.03333333333333333,420.0,515.2,0.007555555555555558
2684,BEL,2020-07-14,2020-08-12,0.03333333333333333,99.3,105.95,0.0022322927156764034
2685,SBILIFE,2020-07-14,2020-08-12,0.03333333333333333,861.9,860.6,-5.02765208647544e-05
2686,HDFCLIFE,2020-07-14,2020-08-12,0.03333333333333333,592.5,609.0,0.0009282700421940929
2687,ISEC,2020-07-14,2020-08-12,0.03333333333333333,511.7,492.4,-0.0012572470848804646
2688,INFY,2020-07-14,2020-08-12,0.03333333333333333,792.95,948.0,0.006517855266200053
2689,BRITANNIA,2020-07-14,2020-08-12,0.03333333333333333,3795.55,3880.55,0.0007464882120729099
2690,EICHERMOT,2020-07-14,2020-08-12,0.03333333333333333,19655.0,21699.95,0.0034680742813533462
2691,DIVISLAB,2020-08-13,2020-09-11,0.03333333333333333,3110.0,3157.6,0.0005101822079314031
2692,JSWSTEEL,2020-08-13,2020-09-11,0.03333333333333333,258.1,283.95,0.003338499289680997
2693,EMAMILTD,2020-08-13,2020-09-11,0.03333333333333333,332.2,377.9,0.004585591009432068
2694,MOTHERSUMI,2020-08-13,2020-09-11,0.03333333333333333,116.75,112.25,-0.001284796573875803
2695,TATACONSUM,2020-08-13,2020-09-11,0.03333333333333333,520.0,549.8,0.0019102564102564073
2696,DHANI,2020-08-13,2020-09-11,0.03333333333333333,165.0,223.85,0.011888888888888888
2697,JINDALSTEL,2020-08-13,2020-09-11,0.03333333333333333,210.2,196.5,-0.00217253409451316
2698,TATASTEEL,2020-08-13,2020-09-11,0.03333333333333333,418.2,408.75,-0.0007532281205164984
2699,APOLLOTYRE,2020-08-13,2020-09-11,0.03333333333333333,130.0,116.55,-0.0034487179487179493
2700,ADANIENT,2020-08-13,2020-09-11,0.03333333333333333,198.9,299.0,0.016775599128540302
2701,BHARATFORG,2020-08-13,2020-09-11,0.03333333333333333,439.1,459.5,0.001548622181735366
2702,BALKRISIND,2020-08-13,2020-09-11,0.03333333333333333,1388.95,1258.0,-0.0031426617228841936
2703,NIITTECH,2020-08-13,2020-09-11,0.03333333333333333,2003.0,1915.0,-0.0014644699617240805
2704,EXIDEIND,2020-08-13,2020-09-11,0.03333333333333333,168.3,156.9,-0.002257872846108141
2705,TATAMOTORS,2020-08-13,2020-09-11,0.03333333333333333,126.1,143.1,0.004493787998942639
2706,INDHOTEL,2020-08-13,2020-09-11,0.03333333333333333,88.0,98.0,0.0037878787878787876
2707,ENDURANCE,2020-08-13,2020-09-11,0.03333333333333333,998.0,1090.0,0.003072812291249165
2708,SBICARD,2020-08-13,2020-09-11,0.03333333333333333,795.75,819.0,0.0009739239710964499
2709,CUMMINSIND,2020-08-13,2020-09-11,0.03333333333333333,422.0,465.0,0.00339652448657188
2710,PFC,2020-08-13,2020-09-11,0.03333333333333333,92.05,91.2,-0.00030780372985695975
2711,TORNTPOWER,2020-08-13,2020-09-11,0.03333333333333333,345.0,325.75,-0.0018599033816425119
2712,NATCOPHARM,2020-08-13,2020-09-11,0.03333333333333333,832.0,783.85,-0.0019290865384615377
2713,NMDC,2020-08-13,2020-09-11,0.03333333333333333,94.7,89.55,-0.0018127419922562497
2714,BERGEPAINT,2020-08-13,2020-09-11,0.03333333333333333,555.0,577.0,0.0013213213213213212
2715,MARUTI,2020-08-13,2020-09-11,0.03333333333333333,6729.95,7279.95,0.002724141090696563
2716,AUROPHARMA,2020-08-13,2020-09-11,0.03333333333333333,927.0,802.0,-0.004494786048184107
2717,MINDTREE,2020-08-13,2020-09-11,0.03333333333333333,1131.15,1181.75,0.0014911078695722614
2718,LTTS,2020-08-13,2020-09-11,0.03333333333333333,1575.0,1506.0,-0.0014603174603174602
2719,TECHM,2020-08-13,2020-09-11,0.03333333333333333,695.9,749.4,0.0025626287301815393
2720,HCLTECH,2020-08-13,2020-09-11,0.03333333333333333,717.0,712.0,-0.00023245002324500232
2721,ADANIGREEN,2020-09-14,2020-10-12,0.03333333333333333,625.0,683.95,0.0031440000000000023
2722,TRENT,2020-09-14,2020-10-12,0.03333333333333333,698.9,679.5,-0.0009252635093241751
2723,RELIANCE,2020-09-14,2020-10-12,0.03333333333333333,2325.0,2235.0,-0.0012903225806451613
2724,INDIGO,2020-09-14,2020-10-12,0.03333333333333333,1300.0,1370.0,0.001794871794871795
2725,EMAMILTD,2020-09-14,2020-10-12,0.03333333333333333,383.5,346.1,-0.00325076053889613
2726,ATGL,2020-09-14,2020-10-12,0.03333333333333333,209.75,189.5,-0.0032181168057210966
2727,WIPRO,2020-09-14,2020-10-12,0.03333333333333333,293.25,377.0,0.00951974992895709
2728,TCS,2020-09-14,2020-10-12,0.03333333333333333,2384.1,2815.5,0.006031626190176588
2729,JUBLFOOD,2020-09-14,2020-10-12,0.03333333333333333,2357.95,2294.0,-0.0009040338712299501
2730,DHANI,2020-09-14,2020-10-12,0.03333333333333333,215.4,240.15,0.00383008356545961
2731,LTTS,2020-09-14,2020-10-12,0.03333333333333333,1528.0,1634.0,0.00231239092495637
2732,ADANIENT,2020-09-14,2020-10-12,0.03333333333333333,301.8,315.0,0.0014579191517561285
2733,TECHM,2020-09-14,2020-10-12,0.03333333333333333,770.15,861.0,0.003932134432686274
2734,BIOCON,2020-09-14,2020-10-12,0.03333333333333333,435.3,452.0,0.0012788115475916983
2735,MRF,2020-09-14,2020-10-12,0.03333333333333333,59230.05,59298.0,3.8240724091907785e-05
2736,PIDILITIND,2020-09-14,2020-10-12,0.03333333333333333,1493.0,1478.6,-0.0003215003348961842
2737,NIITTECH,2020-09-14,2020-10-12,0.03333333333333333,2087.3,2467.0,0.006063654801258401
2738,SUNTV,2020-09-14,2020-10-12,0.03333333333333333,489.0,464.05,-0.0017007498295841844
2739,IOC,2020-09-14,2020-10-12,0.03333333333333333,83.2,76.5,-0.0026842948717948727
2740,ZEEL,2020-09-14,2020-10-12,0.03333333333333333,222.0,196.35,-0.0038513513513513523
2741,SBICARD,2020-09-14,2020-10-12,0.03333333333333333,858.0,850.1,-0.00030691530691530605
2742,ASIANPAINT,2020-09-14,2020-10-12,0.03333333333333333,2050.0,2067.9,0.00029105691056910713
2743,VARROC,2020-09-14,2020-10-12,0.03333333333333333,309.5,317.8,0.0008939149165320422
2744,MARUTI,2020-09-14,2020-10-12,0.03333333333333333,7219.0,7110.0,-0.0005033014729648612
2745,GRASIM,2020-09-14,2020-10-12,0.03333333333333333,721.0,746.15,0.0011627369394359675
2746,SUNPHARMA,2020-09-14,2020-10-12,0.03333333333333333,505.55,514.9,0.0006164902911020978
2747,BERGEPAINT,2020-09-14,2020-10-12,0.03333333333333333,577.0,603.1,0.0015077989601386494
2748,TATAMOTORS,2020-09-14,2020-10-12,0.03333333333333333,147.2,139.65,-0.0017096920289855035
2749,DABUR,2020-09-14,2020-10-12,0.03333333333333333,511.0,520.0,0.0005870841487279843
2750,BPCL,2020-09-14,2020-10-12,0.03333333333333333,425.9,347.0,-0.006175158487907958
2751,ACC,2020-10-14,2020-11-12,0.03333333333333333,1521.8,1673.8,0.0033293906338984535
2752,ADANITRANS,2020-10-14,2020-11-12,0.03333333333333333,298.5,323.0,0.002735901730876605
2753,AMBUJACEM,2020-10-14,2020-11-12,0.03333333333333333,241.95,258.1,0.0022249776124543684
2754,APOLLOHOSP,2020-10-14,2020-11-12,0.03333333333333333,2265.0,2155.0,-0.0016188373804267844
2755,BERGEPAINT,2020-10-14,2020-11-12,0.03333333333333333,610.3,647.9,0.0020536348244033003
2756,CADILAHC,2020-10-14,2020-11-12,0.03333333333333333,428.5,418.4,-0.0007856865033061084
2757,HCLTECH,2020-10-14,2020-11-12,0.03333333333333333,904.0,827.15,-0.002833702064896756
2758,HDFC,2020-10-14,2020-11-12,0.03333333333333333,1935.0,2297.25,0.00624031007751938
2759,HEROMOTOCO,2020-10-14,2020-11-12,0.03333333333333333,3303.0,3060.0,-0.0024523160762942777
2760,ICICIBANK,2020-10-14,2020-11-12,0.03333333333333333,394.35,481.6,0.007375005282955073
2761,LTI,2020-10-14,2020-11-12,0.03333333333333333,3260.0,3000.0,-0.002658486707566462
2762,LTTS,2020-10-14,2020-11-12,0.03333333333333333,1792.9,1651.65,-0.0026260992433115807
2763,LTTS,2020-10-14,2020-11-12,0.03333333333333333,1792.9,1651.65,-0.0026260992433115807
2764,MINDTREE,2020-10-14,2020-11-12,0.03333333333333333,1577.0,1334.8,-0.005119425068695837
2765,MRF,2020-10-14,2020-11-12,0.03333333333333333,58700.0,68999.0,0.005848381601362862
2766,NATCOPHARM,2020-10-14,2020-11-12,0.03333333333333333,944.9,899.95,-0.0015857057184181724
2767,NIITTECH,2020-10-14,2020-11-12,0.03333333333333333,2701.25,2276.0,-0.005247570569180934
2768,PGHH,2020-10-14,2020-11-12,0.03333333333333333,10122.0,10955.05,0.0027433642890074402
2769,SHREECEM,2020-10-14,2020-11-12,0.03333333333333333,21088.0,23120.0,0.0032119372787051087
2770,SRF,2020-10-14,2020-11-12,0.03333333333333333,4380.0,5004.95,0.004756088280060881
2771,TCS,2020-10-14,2020-11-12,0.03333333333333333,2842.0,2686.0,-0.0018296973961998593
2772,TECHM,2020-10-14,2020-11-12,0.03333333333333333,869.0,837.0,-0.001227464518603759
2773,ULTRACEMCO,2020-10-14,2020-11-12,0.03333333333333333,4381.85,4852.0,0.0035764954680481196
2774,WIPRO,2020-10-14,2020-11-12,0.03333333333333333,365.0,348.0,-0.001552511415525114
2775,AUBANK,2020-10-14,2020-11-12,0.03333333333333333,740.0,849.0,0.00490990990990991
2776,GODREJAGRO,2020-10-14,2020-11-12,0.03333333333333333,532.95,503.0,-0.0018732213778653434
2777,VARROC,2020-10-14,2020-11-12,0.03333333333333333,310.95,304.7,-0.0006699898161547945
2778,INFY,2020-10-14,2020-11-12,0.03333333333333333,1162.0,1128.1,-0.0009724612736660955
2779,IOC,2020-10-14,2020-11-12,0.03333333333333333,75.2,85.0,0.004343971631205672
2780,HDFCBANK,2020-10-14,2020-11-12,0.03333333333333333,1195.55,1377.4,0.005070190846611745
2781,KOTAKBANK,2020-11-12,2020-12-11,0.03333333333333333,1799.0,1893.5,0.0017509727626459142
2782,IGL,2020-11-12,2020-12-11,0.03333333333333333,449.9,481.7,0.0023560791286952663
2783,BAJFINANCE,2020-11-12,2020-12-11,0.03333333333333333,4260.0,4805.0,0.004264475743348983
2784,BAJAJFINSV,2020-11-12,2020-12-11,0.03333333333333333,6943.95,9067.0,0.01019136562523252
2785,AXISBANK,2020-11-12,2020-12-11,0.03333333333333333,601.95,626.35,0.0013511642716726182
2786,BAJAJHLDNG,2020-11-12,2020-12-11,0.03333333333333333,2670.0,3029.15,0.004483770287141075
2787,TATASTEEL,2020-11-12,2020-12-11,0.03333333333333333,472.0,614.9,0.010091807909604518
2788,RECLTD,2020-11-12,2020-12-11,0.03333333333333333,116.05,131.0,0.004294126095073963
2789,SBIN,2020-11-12,2020-12-11,0.03333333333333333,233.2,270.05,0.005267295597484281
2790,POWERGRID,2020-11-12,2020-12-11,0.03333333333333333,190.5,194.0,0.0006124234470691164
2791,IOC,2020-11-12,2020-12-11,0.03333333333333333,85.0,93.55,0.003352941176470587
2792,HINDPETRO,2020-11-12,2020-12-11,0.03333333333333333,214.9,216.0,0.00017062199472622837
2793,SRTRANSFIN,2020-11-12,2020-12-11,0.03333333333333333,877.0,1060.0,0.006955530216647662
2794,JSWSTEEL,2020-11-12,2020-12-11,0.03333333333333333,343.75,363.6,0.001924848484848487
2795,LT,2020-11-12,2020-12-11,0.03333333333333333,1054.9,1188.0,0.004205769899200553
2796,SRF,2020-11-12,2020-12-11,0.03333333333333333,5004.95,5330.6,0.002168852835692668
2797,DMART,2020-11-12,2020-12-11,0.03333333333333333,2400.0,2647.0,0.003430555555555555
2798,HDFCBANK,2020-11-12,2020-12-11,0.03333333333333333,1377.4,1390.05,0.0003061323266056789
2799,INDIGO,2020-11-12,2020-12-11,0.03333333333333333,1621.0,1742.0,0.0024881760230310505
2800,TATAMOTORS,2020-11-12,2020-12-11,0.03333333333333333,150.95,177.95,0.005962239152037099
2801,ICICIBANK,2020-11-12,2020-12-11,0.03333333333333333,481.6,509.25,0.0019137596899224789
2802,CUB,2020-11-12,2020-12-11,0.03333333333333333,180.2,175.0,-0.0009618941916389177
2803,HDFC,2020-11-12,2020-12-11,0.03333333333333333,2297.25,2307.0,0.00014147350092501905
2804,MOTHERSUMI,2020-11-12,2020-12-11,0.03333333333333333,131.35,156.05,0.006268240071056978
2805,HDFCLIFE,2020-11-12,2020-12-11,0.03333333333333333,623.85,663.9,0.0021399374849723463
2806,ADANIENT,2020-11-12,2020-12-11,0.03333333333333333,358.2,447.25,0.008286804392332031
2807,PFC,2020-11-12,2020-12-11,0.03333333333333333,99.25,115.0,0.005289672544080605
2808,ITC,2020-11-12,2020-12-11,0.03333333333333333,185.2,214.45,0.005264578833693305
2809,UNITDSPR,2020-11-12,2020-12-11,0.03333333333333333,571.25,597.9,0.0015550692924872342
2810,RBLBANK,2020-11-12,2020-12-11,0.03333333333333333,205.0,236.0,0.005040650406504065
2811,TATACHEM,2020-12-16,2021-01-14,0.03333333333333333,504.7,548.0,0.0028597846905752604
2812,TATASTEEL,2020-12-16,2021-01-14,0.03333333333333333,641.2,710.0,0.0035766271574131808
2813,ONGC,2020-12-16,2021-01-14,0.03333333333333333,101.9,107.0,0.0016683022571148166
2814,TATAPOWER,2020-12-16,2021-01-14,0.03333333333333333,75.5,86.1,0.004679911699779247
2815,GODREJIND,2020-12-16,2021-01-14,0.03333333333333333,459.9,438.0,-0.0015873015873015856
2816,LT,2020-12-16,2021-01-14,0.03333333333333333,1256.25,1358.0,0.0026998341625207294
2817,GAIL,2020-12-16,2021-01-14,0.03333333333333333,126.5,141.45,0.003939393939393936
2818,ZEEL,2020-12-16,2021-01-14,0.03333333333333333,232.0,229.0,-0.00043103448275862074
2819,BAJAJFINSV,2020-12-16,2021-01-14,0.03333333333333333,9369.6,8814.0,-0.0019766051912568318
2820,GODREJPROP,2020-12-16,2021-01-14,0.03333333333333333,1297.0,1430.0,0.0034181444358776666
2821,AJANTPHARM,2020-12-16,2021-01-14,0.03333333333333333,1687.0,1784.9,0.0019344003161430566
2822,EXIDEIND,2020-12-16,2021-01-14,0.03333333333333333,194.1,201.7,0.0013051691567920307
2823,ADANIPORTS,2020-12-16,2021-01-14,0.03333333333333333,480.0,537.95,0.004024305555555559
2824,ITC,2020-12-16,2021-01-14,0.03333333333333333,213.75,212.0,-0.0002729044834307992
2825,NTPC,2020-12-16,2021-01-14,0.03333333333333333,106.95,103.7,-0.0010129343930185444
2826,L&TFH,2020-12-16,2021-01-14,0.03333333333333333,95.0,104.4,0.0032982456140350897
2827,COALINDIA,2020-12-16,2021-01-14,0.03333333333333333,144.35,146.6,0.0005195704883962591
2828,RECLTD,2020-12-16,2021-01-14,0.03333333333333333,142.0,143.7,0.0003990610328638471
2829,GSPL,2020-12-16,2021-01-14,0.03333333333333333,236.9,212.95,-0.0033699169832559473
2830,INFRATEL,2020-12-16,2021-01-14,0.03333333333333333,248.0,260.75,0.0017137096774193549
2831,NMDC,2020-12-16,2021-01-14,0.03333333333333333,117.4,126.1,0.002470187393526402
2832,OIL,2020-12-16,2021-01-14,0.03333333333333333,115.0,117.5,0.0007246376811594203
2833,BAJFINANCE,2020-12-16,2021-01-14,0.03333333333333333,5199.0,4902.9,-0.0018984420080784788
2834,ADANIENT,2020-12-16,2021-01-14,0.03333333333333333,462.5,534.95,0.005221621621621625
2835,UBL,2020-12-16,2021-01-14,0.03333333333333333,1168.55,1308.0,0.0039778643047651665
2836,ASIANPAINT,2020-12-16,2021-01-14,0.03333333333333333,2540.0,2713.0,0.0022703412073490814
2837,JINDALSTEL,2020-12-16,2021-01-14,0.03333333333333333,275.0,299.7,0.0029939393939393925
2838,SUNTV,2020-12-16,2021-01-14,0.03333333333333333,502.0,540.45,0.0025531208499336017
2839,IOC,2020-12-16,2021-01-14,0.03333333333333333,96.5,101.75,0.0018134715025906734
2840,LICHSGFIN,2020-12-16,2021-01-14,0.03333333333333333,377.6,440.75,0.005574682203389828
2841,WIPRO,2021-01-13,2021-02-11,0.03333333333333333,461.0,439.0,-0.0015907447577729573
2842,EMAMILTD,2021-01-13,2021-02-11,0.03333333333333333,481.4,491.95,0.0007305082398559764
2843,ASHOKLEY,2021-01-13,2021-02-11,0.03333333333333333,123.1,133.0,0.002680747359870026
2844,TATAMOTORS,2021-01-13,2021-02-11,0.03333333333333333,242.9,326.45,0.011465623713462327
2845,HAVELLS,2021-01-13,2021-02-11,0.03333333333333333,1024.25,1142.8,0.003858107558376046
2846,HDFC,2021-01-13,2021-02-11,0.03333333333333333,2760.45,2744.1,-0.00019743157818471517
2847,HCLTECH,2021-01-13,2021-02-11,0.03333333333333333,1064.0,959.45,-0.0032753759398496227
2848,EICHERMOT,2021-01-13,2021-02-11,0.03333333333333333,2869.5,2750.0,-0.0013881628622872742
2849,IGL,2021-01-13,2021-02-11,0.03333333333333333,570.05,547.0,-0.0013478349852352107
2850,PAGEIND,2021-01-13,2021-02-11,0.03333333333333333,30050.0,31400.0,0.001497504159733777
2851,HDFCAMC,2021-01-13,2021-02-11,0.03333333333333333,3220.0,3002.95,-0.0022468944099378898
2852,BERGEPAINT,2021-01-13,2021-02-11,0.03333333333333333,803.2,763.0,-0.0016683266932270933
2853,INFY,2021-01-13,2021-02-11,0.03333333333333333,1373.85,1289.0,-0.002058691511688562
2854,BOSCHLTD,2021-01-13,2021-02-11,0.03333333333333333,14702.0,16340.0,0.0037137804380356415
2855,GAIL,2021-01-13,2021-02-11,0.03333333333333333,144.0,133.9,-0.0023379629629629614
2856,SBICARD,2021-01-13,2021-02-11,0.03333333333333333,963.0,1025.0,0.0021460713049498096
2857,GRASIM,2021-01-13,2021-02-11,0.03333333333333333,1009.0,1223.0,0.0070697059795176735
2858,UNITDSPR,2021-01-13,2021-02-11,0.03333333333333333,646.0,576.5,-0.0035861713106295147
2859,LTI,2021-01-13,2021-02-11,0.03333333333333333,4300.0,3983.0,-0.002457364341085271
2860,MINDTREE,2021-01-13,2021-02-11,0.03333333333333333,1754.0,1729.8,-0.0004599011782592179
2861,DLF,2021-01-13,2021-02-11,0.03333333333333333,271.8,311.45,0.004862644101054694
2862,TATAPOWER,2021-01-13,2021-02-11,0.03333333333333333,86.9,88.7,0.0006904487917146134
2863,ACC,2021-01-13,2021-02-11,0.03333333333333333,1795.15,1750.0,-0.0008383700526418421
2864,CROMPTON,2021-01-13,2021-02-11,0.03333333333333333,405.15,408.5,0.00027561808383726383
2865,TCS,2021-01-13,2021-02-11,0.03333333333333333,3175.0,3215.0,0.00041994750656167975
2866,LICHSGFIN,2021-01-13,2021-02-11,0.03333333333333333,443.0,439.0,-0.00030097817908201655
2867,BHARTIARTL,2021-01-13,2021-02-11,0.03333333333333333,588.0,592.0,0.00022675736961451246
2868,BEL,2021-01-13,2021-02-11,0.03333333333333333,134.55,139.3,0.0011767620463272635
2869,ADANIENT,2021-01-13,2021-02-11,0.03333333333333333,529.1,654.0,0.007868707868707867
2870,SRF,2021-01-13,2021-02-11,0.03333333333333333,5949.0,5550.0,-0.002235669860480753
2871,BAJAJHLDNG,2021-02-12,2021-03-15,0.03333333333333333,3550.5,3620.0,0.0006524902595878514
2872,AUBANK,2021-02-12,2021-03-15,0.03333333333333333,1125.0,1249.95,0.003702222222222224
2873,ADANIENT,2021-02-12,2021-03-15,0.03333333333333333,657.0,898.75,0.012265347539320142
2874,GRASIM,2021-02-12,2021-03-15,0.03333333333333333,1244.0,1389.0,0.0038853161843515538
2875,ADANITRANS,2021-02-12,2021-03-15,0.03333333333333333,593.5,780.9,0.010525133389497331
2876,GSPL,2021-02-12,2021-03-15,0.03333333333333333,234.8,280.9,0.006544576944917655
2877,VOLTAS,2021-02-12,2021-03-15,0.03333333333333333,1099.7,1060.5,-0.0011882028431996618
2878,PGHH,2021-02-12,2021-03-15,0.03333333333333333,13180.0,12992.95,-0.0004730652503793608
2879,MFSL,2021-02-12,2021-03-15,0.03333333333333333,820.0,896.9,0.003126016260162601
2880,SBIN,2021-02-12,2021-03-15,0.03333333333333333,391.0,382.5,-0.0007246376811594203
2881,DALBHARAT,2021-02-12,2021-03-15,0.03333333333333333,1408.65,1513.0,0.0024692672653486175
2882,ULTRACEMCO,2021-02-12,2021-03-15,0.03333333333333333,6439.9,6665.0,0.001165131963746851
2883,IRCTC,2021-02-12,2021-03-15,0.03333333333333333,1627.45,2006.45,0.007762655278707999
2884,HINDALCO,2021-02-12,2021-03-15,0.03333333333333333,297.0,331.9,0.0039169472502805815
2885,RAMCOCEM,2021-02-12,2021-03-15,0.03333333333333333,940.0,1013.75,0.002615248226950355
2886,CONCOR,2021-02-12,2021-03-15,0.03333333333333333,499.9,562.55,0.004177502167100085
2887,SHREECEM,2021-02-12,2021-03-15,0.03333333333333333,28200.0,27811.5,-0.00045921985815602836
2888,MOTHERSUMI,2021-02-12,2021-03-15,0.03333333333333333,179.9,215.45,0.006586992773763198
2889,ADANIPORTS,2021-02-12,2021-03-15,0.03333333333333333,592.3,727.8,0.007625640159828916
2890,ICICIBANK,2021-02-12,2021-03-15,0.03333333333333333,629.9,611.9,-0.0009525321479599936
2891,TVSMOTOR,2021-02-12,2021-03-15,0.03333333333333333,636.0,587.6,-0.0025366876310272527
2892,CUMMINSIND,2021-02-12,2021-03-15,0.03333333333333333,777.0,885.6,0.00465894465894466
2893,BAJAJFINSV,2021-02-12,2021-03-15,0.03333333333333333,10250.0,9969.0,-0.0009138211382113821
2894,M&M,2021-02-12,2021-03-15,0.03333333333333333,916.0,862.0,-0.001965065502183406
2895,GUJGASLTD,2021-02-12,2021-03-15,0.03333333333333333,440.0,522.75,0.0062689393939393935
2896,ENDURANCE,2021-02-12,2021-03-15,0.03333333333333333,1491.9,1420.0,-0.0016064526219362353
2897,BAJAJ-AUTO,2021-02-12,2021-03-15,0.03333333333333333,4179.0,3775.0,-0.0032224615139188006
2898,SAIL,2021-02-12,2021-03-15,0.03333333333333333,67.0,72.95,0.0029601990049751255
2899,LT,2021-02-12,2021-03-15,0.03333333333333333,1535.0,1520.0,-0.0003257328990228013
2900,OIL,2021-02-12,2021-03-15,0.03333333333333333,117.4,133.8,0.004656445201590007
